thickness
part
         1
quad4
 9.07029e-01
 9.07029e-01
 9.07029e-01
 9.07029e-01
 9.07029e-01
 9.07029e-01
 9.07029e-01
 9.07029e-01
 9.07029e-01
 9.07029e-01
 9.07029e-01
 9.07029e-01
 9.07029e-01
 9.07029e-01
 9.07029e-01
 9.07029e-01
 9.07029e-01
 9.07029e-01
 9.07029e-01
 9.07029e-01
 9.07029e-01
 9.07029e-01
 9.07029e-01
 9.07029e-01
 9.07029e-01
 9.07029e-01
 9.07029e-01
 9.07029e-01
 9.07029e-01
 9.07029e-01
 9.07029e-01
 9.07029e-01
 9.07029e-01
 9.07029e-01
 9.07029e-01
 9.07029e-01
 9.07029e-01
 9.07029e-01
 9.07029e-01
 9.07029e-01
 9.07029e-01
 9.07029e-01
 9.07029e-01
 9.07029e-01
 9.07029e-01
 9.07029e-01
 9.07029e-01
 9.07029e-01
 9.07029e-01
 9.07029e-01
 9.07029e-01
 9.07029e-01
 9.07029e-01
 9.07029e-01
 9.07029e-01
 9.07029e-01
 9.07029e-01
 9.07029e-01
 9.07029e-01
 9.07029e-01
 9.07029e-01
 9.07029e-01
 9.07029e-01
 9.07029e-01
 9.07029e-01
 9.07029e-01
 9.07029e-01
 9.07029e-01
 9.07029e-01
 9.07029e-01
 9.07029e-01
 9.07029e-01
 9.07029e-01
 9.07029e-01
 9.07029e-01
 9.07029e-01
 9.07029e-01
 9.07029e-01
 9.07029e-01
 9.07029e-01
 9.07029e-01
 9.07029e-01
 9.07029e-01
 9.07029e-01
 9.07029e-01
 9.07029e-01
 9.07029e-01
 9.07029e-01
 9.07029e-01
 9.07029e-01
 9.07029e-01
 9.07029e-01
 9.07029e-01
 9.07029e-01
 9.07029e-01
 9.07029e-01
 9.07029e-01
 9.07029e-01
 9.07029e-01
 9.07029e-01
 9.07029e-01
 9.07029e-01
 9.07029e-01
 9.07029e-01
 9.07029e-01
 9.07029e-01
 9.07029e-01
 9.07029e-01
 9.07029e-01
 9.07029e-01
 9.07029e-01
 9.07029e-01
 9.07029e-01
 9.07029e-01
 9.07029e-01
 9.07029e-01
 9.07029e-01
 9.07029e-01
 9.07029e-01
 9.07029e-01
 9.07029e-01
 9.07029e-01
 9.07029e-01
 9.07029e-01
 9.07029e-01
 9.07029e-01
 9.07029e-01
 9.07029e-01
 9.07029e-01
tria3
 5.95796e-01
 5.99917e-01
 6.00450e-01
 6.03163e-01
 6.05841e-01
 6.01606e-01
 5.95182e-01
 5.99252e-01
 6.00858e-01
 6.05288e-01
 6.06865e-01
 5.99981e-01
 5.95352e-01
 5.99495e-01
 6.01370e-01
 6.05696e-01
 6.06643e-01
 6.00018e-01
 5.95124e-01
 5.99077e-01
 5.99767e-01
 6.02840e-01
 6.05211e-01
 6.00719e-01
 6.95300e-01
 6.70482e-01
 6.96592e-01
 6.85690e-01
 6.69481e-01
 7.00538e-01
 6.98522e-01
 6.74560e-01
 6.44425e-01
 6.29083e-01
 6.27582e-01
 6.29603e-01
 6.39363e-01
 6.30142e-01
 6.31312e-01
 6.43052e-01
 5.92414e-01
 5.93212e-01
 5.95729e-01
 5.93040e-01
 5.94490e-01
 5.98678e-01
 5.97103e-01
 5.97851e-01
 5.95143e-01
 5.95711e-01
 5.98052e-01
 5.97678e-01
 7.00229e-01
 7.01127e-01
 6.75694e-01
 6.79582e-01
 6.98003e-01
 6.70709e-01
 6.58483e-01
 6.74950e-01
 6.31414e-01
 6.30426e-01
 6.43699e-01
 6.30177e-01
 6.30278e-01
 6.40689e-01
 6.29276e-01
 6.39197e-01
 5.96670e-01
 5.98581e-01
 5.97556e-01
 5.92367e-01
 5.95226e-01
 5.93904e-01
 5.92637e-01
 5.91676e-01
 5.95313e-01
 5.94606e-01
 5.97495e-01
 5.97351e-01
 5.98024e-01
 5.97741e-01
 5.95678e-01
 5.94881e-01
 5.92880e-01
 5.91941e-01
 5.92573e-01
 5.95278e-01
 5.93983e-01
 5.96711e-01
 5.98413e-01
 5.97470e-01
 6.22293e-01
 6.35902e-01
 6.31809e-01
 6.32414e-01
 6.44603e-01
 6.32078e-01
 6.31257e-01
 6.44789e-01
 6.58500e-01
 6.82293e-01
 6.90565e-01
 6.99045e-01
 6.74337e-01
 7.00768e-01
 7.02184e-01
 6.76798e-01
 5.97405e-01
 5.97323e-01
 5.94493e-01
 5.95133e-01
 5.98385e-01
 5.96635e-01
 5.97394e-01
 5.95249e-01
 5.92597e-01
 5.93941e-01
 5.91966e-01
 5.92679e-01
 6.30543e-01
 6.32013e-01
 6.44292e-01
 6.28688e-01
 6.30548e-01
 6.41411e-01
 6.47709e-01
 6.31116e-01
 7.02051e-01
 7.00277e-01
 6.76233e-01
 6.98515e-01
 6.88194e-01
 6.71585e-01
 6.98096e-01
 6.73122e-01
 7.53448e-01
 7.23389e-01
 7.45822e-01
 7.40427e-01
 7.27546e-01
 7.63617e-01
 7.48566e-01
 7.38801e-01
 7.47786e-01
 7.59700e-01
 7.36814e-01
 7.61375e-01
 7.52420e-01
 7.42707e-01
 6.18063e-01
 6.14760e-01
 6.12806e-01
 6.11771e-01
 6.14868e-01
 6.11866e-01
 6.11260e-01
 6.14592e-01
 6.11617e-01
 6.13557e-01
 6.15489e-01
 6.13864e-01
 6.12940e-01
 6.16209e-01
 5.91901e-01
 5.91985e-01
 5.93967e-01
 5.92370e-01
 5.92947e-01
 5.97191e-01
 5.95150e-01
 5.95683e-01
 5.98475e-01
 5.97822e-01
 5.97689e-01
 5.99676e-01
 5.98863e-01
 5.98802e-01
 7.54166e-01
 7.61612e-01
 7.43533e-01
 7.60275e-01
 7.53832e-01
 7.42514e-01
 7.49568e-01
 7.59842e-01
 7.39855e-01
 7.03207e-01
 7.48172e-01
 7.34790e-01
 6.98609e-01
 7.28651e-01
 6.12991e-01
 6.14095e-01
 6.16362e-01
 6.13750e-01
 6.11001e-01
 6.15243e-01
 6.09940e-01
 6.10298e-01
 6.15041e-01
 6.11979e-01
 6.13013e-01
 6.18723e-01
 6.12043e-01
 6.17756e-01
 5.98749e-01
 5.99676e-01
 5.98704e-01
 5.97597e-01
 5.98305e-01
 5.97398e-01
 5.94942e-01
 5.96972e-01
 5.95329e-01
 5.91805e-01
 5.93656e-01
 5.92343e-01
 5.91336e-01
 5.91489e-01
 5.91540e-01
 5.91478e-01
 5.91922e-01
 5.93520e-01
 5.92484e-01
 5.94758e-01
 5.96889e-01
 5.95310e-01
 5.97521e-01
 5.98178e-01
 5.97376e-01
 5.98584e-01
 5.99440e-01
 5.98548e-01
 6.09092e-01
 6.14029e-01
 6.14036e-01
 6.12294e-01
 6.17071e-01
 6.10297e-01
 6.10992e-01
 6.16586e-01
 6.13890e-01
 6.11293e-01
 6.15607e-01
 6.13032e-01
 6.14190e-01
 6.16531e-01
 7.07248e-01
 7.29079e-01
 7.34194e-01
 7.51530e-01
 7.28463e-01
 7.51388e-01
 7.59976e-01
 7.36260e-01
 7.60418e-01
 7.49253e-01
 7.38424e-01
 7.53755e-01
 7.62194e-01
 7.44147e-01
 5.99454e-01
 5.98607e-01
 5.98534e-01
 5.98216e-01
 5.97562e-01
 5.97376e-01
 5.96887e-01
 5.94783e-01
 5.95315e-01
 5.93566e-01
 5.91972e-01
 5.92529e-01
 5.91535e-01
 5.91603e-01
 6.14150e-01
 6.13041e-01
 6.16475e-01
 6.10973e-01
 6.13818e-01
 6.15302e-01
 6.15571e-01
 6.09882e-01
 6.10471e-01
 6.11159e-01
 6.13073e-01
 6.15327e-01
 6.18253e-01
 6.11656e-01
 7.62213e-01
 7.53641e-01
 7.44032e-01
 7.49101e-01
 7.60917e-01
 7.38347e-01
 7.64774e-01
 7.50223e-01
 7.40442e-01
 7.47658e-01
 7.42778e-01
 7.29814e-01
 7.55631e-01
 7.26133e-01
 7.80713e-01
 8.13930e-01
 8.05777e-01
 7.73908e-01
 7.76323e-01
 8.05358e-01
 8.08770e-01
 7.79068e-01
 7.94348e-01
 8.14951e-01
 7.90809e-01
 8.07967e-01
 7.77029e-01
 7.97165e-01
 8.09870e-01
 7.81663e-01
 7.86960e-01
 8.11492e-01
 6.09503e-01
 6.03700e-01
 6.00776e-01
 5.99276e-01
 6.03479e-01
 6.05994e-01
 6.06466e-01
 6.03746e-01
 6.00578e-01
 5.98693e-01
 5.99111e-01
 5.98971e-01
 5.99683e-01
 6.01139e-01
 6.04248e-01
 6.06561e-01
 6.06899e-01
 6.04389e-01
 6.01047e-01
 6.00465e-01
 6.01569e-01
 6.00519e-01
 6.01578e-01
 6.01763e-01
 6.05174e-01
 6.07256e-01
 6.08330e-01
 6.05651e-01
 6.01930e-01
 6.01773e-01
 6.02543e-01
 6.01919e-01
 6.03032e-01
 6.03166e-01
 6.06288e-01
 6.08638e-01
 6.08766e-01
 6.06411e-01
 6.03306e-01
 6.02875e-01
 6.03769e-01
 6.02852e-01
 6.03562e-01
 6.03869e-01
 5.92301e-01
 5.92156e-01
 5.94310e-01
 5.93355e-01
 5.92462e-01
 5.96265e-01
 5.95707e-01
 5.94551e-01
 5.97213e-01
 5.96605e-01
 5.96405e-01
 5.98540e-01
 5.97533e-01
 5.97675e-01
 5.99029e-01
 5.98836e-01
 5.98604e-01
 5.99880e-01
 5.99248e-01
 5.99191e-01
 6.00218e-01
 6.00094e-01
 5.99793e-01
 6.00775e-01
 6.00295e-01
 6.00243e-01
 8.11659e-01
 7.87197e-01
 7.83385e-01
 8.10603e-01
 8.10075e-01
 7.83051e-01
 7.86350e-01
 8.10936e-01
 8.10798e-01
 7.85917e-01
 7.80109e-01
 8.09035e-01
 8.06766e-01
 7.78714e-01
 7.87358e-01
 8.10955e-01
 8.10592e-01
 7.55188e-01
 6.06501e-01
 6.08817e-01
 6.08827e-01
 6.06440e-01
 6.03677e-01
 6.03050e-01
 6.04023e-01
 6.02901e-01
 6.03371e-01
 6.03814e-01
 6.05803e-01
 6.08483e-01
 6.06910e-01
 6.05172e-01
 6.03329e-01
 6.02257e-01
 6.03480e-01
 6.01873e-01
 6.01784e-01
 6.02465e-01
 6.03547e-01
 6.05850e-01
 6.06086e-01
 6.03425e-01
 6.01577e-01
 6.00488e-01
 6.01694e-01
 6.00324e-01
 6.00976e-01
 6.01408e-01
 6.03257e-01
 6.06209e-01
 6.08391e-01
 6.03031e-01
 6.01149e-01
 5.99072e-01
 5.99799e-01
 5.98698e-01
 5.99219e-01
 6.00717e-01
 6.03236e-01
 6.04995e-01
 5.99816e-01
 6.00925e-01
 6.00335e-01
 6.00807e-01
 6.00274e-01
 6.00067e-01
 6.00209e-01
 5.99759e-01
 5.99196e-01
 5.99891e-01
 5.99138e-01
 5.98762e-01
 5.98919e-01
 5.98477e-01
 5.97430e-01
 5.98489e-01
 5.97580e-01
 5.96600e-01
 5.97096e-01
 5.96336e-01
 5.94362e-01
 5.96284e-01
 5.95666e-01
 5.92035e-01
 5.93924e-01
 5.92867e-01
 5.91719e-01
 5.92568e-01
 5.91740e-01
 5.92595e-01
 5.92005e-01
 5.93767e-01
 5.92812e-01
 5.94104e-01
 5.95852e-01
 5.95276e-01
 5.96215e-01
 5.96858e-01
 5.96043e-01
 5.97212e-01
 5.98337e-01
 5.97393e-01
 5.98594e-01
 5.98675e-01
 5.98282e-01
 5.98929e-01
 5.99600e-01
 5.98894e-01
 5.99811e-01
 5.99917e-01
 5.99511e-01
 5.99952e-01
 6.00476e-01
 5.99935e-01
 5.98901e-01
 6.00169e-01
 6.02242e-01
 6.05198e-01
 5.98745e-01
 5.99570e-01
 6.00228e-01
 6.01159e-01
 5.98882e-01
 5.99559e-01
 6.06437e-01
 6.03726e-01
 6.04123e-01
 6.07441e-01
 6.00181e-01
 6.00890e-01
 6.01422e-01
 6.01309e-01
 6.00241e-01
 6.01463e-01
 6.06680e-01
 6.03585e-01
 6.03567e-01
 6.05967e-01
 6.01613e-01
 6.01682e-01
 6.02334e-01
 6.02896e-01
 6.01763e-01
 6.03070e-01
 6.06963e-01
 6.05062e-01
 6.05648e-01
 6.08414e-01
 6.02698e-01
 6.03164e-01
 6.03652e-01
 6.03412e-01
 6.02689e-01
 6.03738e-01
 6.08714e-01
 6.06262e-01
 6.06357e-01
 6.08758e-01
 8.12479e-01
 7.56024e-01
 7.84808e-01
 8.09618e-01
 8.09774e-01
 7.86200e-01
 7.86427e-01
 8.02565e-01
 8.01733e-01
 7.90411e-01
 7.90885e-01
 8.07829e-01
 7.97692e-01
 7.78054e-01
 7.82556e-01
 8.10436e-01
 8.11994e-01
 7.87572e-01
 6.00559e-01
 6.00065e-01
 6.00031e-01
 5.99923e-01
 5.99897e-01
 5.99538e-01
 5.99753e-01
 5.99019e-01
 5.99002e-01
 5.98739e-01
 5.98635e-01
 5.98340e-01
 5.98345e-01
 5.97116e-01
 5.97375e-01
 5.96689e-01
 5.96232e-01
 5.95958e-01
 5.95967e-01
 5.95280e-01
 5.94108e-01
 5.93679e-01
 5.92731e-01
 5.92021e-01
 5.92516e-01
 5.91760e-01
 6.02837e-01
 6.03503e-01
 6.03849e-01
 6.03193e-01
 6.02708e-01
 6.03652e-01
 6.08767e-01
 6.06385e-01
 6.06318e-01
 6.08766e-01
 6.01835e-01
 6.03009e-01
 6.03157e-01
 6.01666e-01
 6.01653e-01
 6.02333e-01
 6.08435e-01
 6.05676e-01
 6.05033e-01
 6.06830e-01
 6.00188e-01
 6.01364e-01
 6.01467e-01
 6.00722e-01
 6.00002e-01
 6.01247e-01
 6.05738e-01
 6.03378e-01
 6.03345e-01
 6.06295e-01
 5.98645e-01
 5.99375e-01
 6.00914e-01
 6.01068e-01
 5.98265e-01
 5.98905e-01
 6.07008e-01
 6.03747e-01
 6.03991e-01
 6.06828e-01
 6.01472e-01
 5.99770e-01
 6.07326e-01
 6.04892e-01
 7.87590e-01
 8.12122e-01
 8.10445e-01
 7.82454e-01
 7.77915e-01
 7.97822e-01
 7.91578e-01
 8.08377e-01
 7.94970e-01
 8.15128e-01
 8.09156e-01
 7.80178e-01
 7.77613e-01
 8.05904e-01
 8.06479e-01
 7.75642e-01
 8.14487e-01
 7.82388e-01
 5.97906e-01
 5.96442e-01
 5.95362e-01
 5.93194e-01
 5.97065e-01
 5.97940e-01
 5.97006e-01
 5.97408e-01
 5.93942e-01
 5.95951e-01
 5.96199e-01
 5.95486e-01
 5.97356e-01
 5.98036e-01
 5.99051e-01
 5.98231e-01
 5.96178e-01
 5.96879e-01
 5.97666e-01
 5.96993e-01
 5.99089e-01
 5.99471e-01
 5.99105e-01
 5.99561e-01
 5.97636e-01
 5.98216e-01
 5.98300e-01
 5.97944e-01
 5.99300e-01
 5.99565e-01
 6.00295e-01
 5.99649e-01
 5.98264e-01
 5.98693e-01
 5.99042e-01
 5.99054e-01
 6.00415e-01
 6.00647e-01
 6.00600e-01
 6.00928e-01
 5.99351e-01
 5.99753e-01
 5.99936e-01
 5.99661e-01
 6.00828e-01
 6.01071e-01
 6.01737e-01
 6.01108e-01
 5.99880e-01
 6.00239e-01
 6.00520e-01
 6.00491e-01
 6.01703e-01
 6.02011e-01
 6.01701e-01
 6.02104e-01
 6.00704e-01
 6.01054e-01
 6.01117e-01
 6.00805e-01
 6.01692e-01
 6.02019e-01
 6.02335e-01
 6.01820e-01
 6.00882e-01
 6.01144e-01
 6.01271e-01
 6.01204e-01
 6.02071e-01
 6.02450e-01
 6.01836e-01
 6.02324e-01
 6.01235e-01
 6.01438e-01
 6.01318e-01
 6.00931e-01
 6.01597e-01
 6.02036e-01
 6.02047e-01
 6.01558e-01
 6.00805e-01
 6.00986e-01
 6.00948e-01
 6.00727e-01
 6.01457e-01
 6.02005e-01
 6.00890e-01
 6.01558e-01
 6.00550e-01
 6.00711e-01
 6.00380e-01
 5.99866e-01
 6.00370e-01
 6.00931e-01
 6.00594e-01
 6.00204e-01
 5.99589e-01
 5.99731e-01
 5.99565e-01
 5.99308e-01
 5.99792e-01
 6.00387e-01
 5.99069e-01
 5.99776e-01
 5.99036e-01
 5.99088e-01
 5.98623e-01
 5.98095e-01
 5.98880e-01
 5.99423e-01
 5.99479e-01
 5.99011e-01
 5.97761e-01
 5.98100e-01
 5.98137e-01
 5.97629e-01
 5.98280e-01
 5.99119e-01
 5.97384e-01
 5.98092e-01
 5.97696e-01
 5.97012e-01
 5.96888e-01
 5.96133e-01
 5.96982e-01
 5.97316e-01
 5.98177e-01
 5.96660e-01
 5.96114e-01
 5.95208e-01
 5.95420e-01
 5.94672e-01
 5.97000e-01
 5.98566e-01
 5.93404e-01
 5.95777e-01
 5.93354e-01
 5.95623e-01
 5.96950e-01
 5.97969e-01
 5.95256e-01
 5.94581e-01
 5.95793e-01
 5.94984e-01
 5.97898e-01
 5.96630e-01
 5.96684e-01
 5.97249e-01
 5.96476e-01
 5.95748e-01
 5.97278e-01
 5.96583e-01
 5.97031e-01
 5.97732e-01
 5.97873e-01
 5.98713e-01
 5.97852e-01
 5.97249e-01
 5.97587e-01
 5.97954e-01
 5.99151e-01
 5.98762e-01
 5.98785e-01
 5.99261e-01
 5.98401e-01
 5.97941e-01
 5.98884e-01
 5.98808e-01
 5.99273e-01
 5.99015e-01
 5.99422e-01
 6.00097e-01
 5.99463e-01
 5.99233e-01
 5.99312e-01
 5.99558e-01
 6.00469e-01
 6.00155e-01
 6.00280e-01
 6.00646e-01
 5.99954e-01
 5.99566e-01
 6.00223e-01
 6.00254e-01
 6.00838e-01
 6.00581e-01
 6.00881e-01
 6.01532e-01
 6.00777e-01
 6.00434e-01
 6.00490e-01
 6.00820e-01
 6.01799e-01
 6.01460e-01
 6.01429e-01
 6.01871e-01
 6.00811e-01
 6.00526e-01
 6.01184e-01
 6.00779e-01
 6.01792e-01
 6.01450e-01
 6.01650e-01
 6.02195e-01
 6.01225e-01
 6.01034e-01
 6.00640e-01
 6.01040e-01
 6.02286e-01
 6.01873e-01
 6.01569e-01
 6.02078e-01
 6.00691e-01
 6.00498e-01
 6.00761e-01
 6.00475e-01
 6.01805e-01
 6.01350e-01
 6.01357e-01
 6.01865e-01
 6.00398e-01
 6.00402e-01
 5.99647e-01
 6.00053e-01
 6.01681e-01
 6.01017e-01
 6.00673e-01
 6.00905e-01
 5.99601e-01
 5.99367e-01
 5.99506e-01
 5.99269e-01
 6.00318e-01
 6.00670e-01
 6.00191e-01
 6.00508e-01
 5.98852e-01
 5.98903e-01
 5.97717e-01
 5.98279e-01
 6.00206e-01
 5.99559e-01
 5.98686e-01
 5.99439e-01
 5.97581e-01
 5.97290e-01
 5.97721e-01
 5.97254e-01
 5.98416e-01
 5.98982e-01
 5.98614e-01
 5.99109e-01
 5.97402e-01
 5.96670e-01
 5.95699e-01
 5.96442e-01
 5.98702e-01
 5.97888e-01
 5.96902e-01
 5.97616e-01
 5.95644e-01
 5.94796e-01
 5.93192e-01
 5.94975e-01
 5.96472e-01
 5.96806e-01
 5.96158e-01
 5.96515e-01
 5.95378e-01
 5.94319e-01
 5.98264e-01
 5.97803e-01
