displacement
 0.00000e+00 0.00000e+00 0.00000e+00 0.00000e+00 0.00000e+00 0.00000e+00
 0.00000e+00 0.00000e+00 0.00000e+00 0.00000e+00 0.00000e+00 0.00000e+00
 0.00000e+00 0.00000e+00 0.00000e+00 0.00000e+00 0.00000e+00 0.00000e+00
 0.00000e+00 0.00000e+00 0.00000e+00 0.00000e+00 0.00000e+00 0.00000e+00
 0.00000e+00 0.00000e+00 0.00000e+00 0.00000e+00 0.00000e+00 0.00000e+00
 0.00000e+00 0.00000e+00 0.00000e+00 0.00000e+00 0.00000e+00 0.00000e+00
 0.00000e+00 0.00000e+00 0.00000e+00 0.00000e+00 0.00000e+00 0.00000e+00
 0.00000e+00 0.00000e+00 0.00000e+00 0.00000e+00 0.00000e+00 0.00000e+00
 0.00000e+00 0.00000e+00 0.00000e+00 0.00000e+00 0.00000e+00 0.00000e+00
 0.00000e+00 0.00000e+00 0.00000e+00 0.00000e+00 0.00000e+00 0.00000e+00
 0.00000e+00 0.00000e+00 0.00000e+00 0.00000e+00 0.00000e+00 0.00000e+00
 0.00000e+00 0.00000e+00 0.00000e+00 0.00000e+00 0.00000e+00 0.00000e+00
 0.00000e+00 0.00000e+00 0.00000e+00 0.00000e+00 0.00000e+00 0.00000e+00
 0.00000e+00 0.00000e+00 0.00000e+00 0.00000e+00 0.00000e+00 0.00000e+00
 0.00000e+00 0.00000e+00 0.00000e+00 0.00000e+00 0.00000e+00 0.00000e+00
 0.00000e+00 0.00000e+00 0.00000e+00 0.00000e+00 0.00000e+00 0.00000e+00
 0.00000e+00 0.00000e+00 0.00000e+00 0.00000e+00 0.00000e+00 0.00000e+00
 0.00000e+00 0.00000e+00 0.00000e+00 0.00000e+00 0.00000e+00 0.00000e+00
 0.00000e+00 0.00000e+00 0.00000e+00 0.00000e+00 0.00000e+00 0.00000e+00
 0.00000e+00 0.00000e+00 0.00000e+00 0.00000e+00 0.00000e+00 0.00000e+00
 0.00000e+00 0.00000e+00 0.00000e+00 0.00000e+00 0.00000e+00 0.00000e+00
 0.00000e+00 0.00000e+00 0.00000e+00 0.00000e+00 0.00000e+00 0.00000e+00
 0.00000e+00 0.00000e+00 0.00000e+00 0.00000e+00 0.00000e+00 0.00000e+00
 0.00000e+00 0.00000e+00 0.00000e+00 0.00000e+00 0.00000e+00 0.00000e+00
 0.00000e+00 0.00000e+00 0.00000e+00 0.00000e+00 0.00000e+00 0.00000e+00
 0.00000e+00 0.00000e+00 0.00000e+00 0.00000e+00 0.00000e+00 0.00000e+00
 0.00000e+00 0.00000e+00 0.00000e+00 0.00000e+00 0.00000e+00 0.00000e+00
 0.00000e+00 0.00000e+00 0.00000e+00 0.00000e+00 0.00000e+00 0.00000e+00
 0.00000e+00 0.00000e+00 0.00000e+00 0.00000e+00 0.00000e+00 0.00000e+00
 0.00000e+00 0.00000e+00 0.00000e+00 0.00000e+00 0.00000e+00 0.00000e+00
 0.00000e+00 0.00000e+00 0.00000e+00 0.00000e+00 0.00000e+00 0.00000e+00
 0.00000e+00 0.00000e+00 0.00000e+00 0.00000e+00 0.00000e+00 0.00000e+00
 0.00000e+00 0.00000e+00 0.00000e+00 0.00000e+00 0.00000e+00 0.00000e+00
 0.00000e+00 0.00000e+00 0.00000e+00 0.00000e+00 0.00000e+00 0.00000e+00
 0.00000e+00 0.00000e+00 0.00000e+00 0.00000e+00 0.00000e+00 0.00000e+00
 0.00000e+00 0.00000e+00 0.00000e+00 0.00000e+00 0.00000e+00 0.00000e+00
 0.00000e+00 0.00000e+00 0.00000e+00 0.00000e+00 0.00000e+00 0.00000e+00
 0.00000e+00 0.00000e+00 0.00000e+00 0.00000e+00 0.00000e+00 0.00000e+00
 0.00000e+00 0.00000e+00 0.00000e+00 0.00000e+00 0.00000e+00 0.00000e+00
 0.00000e+00 0.00000e+00 0.00000e+00 0.00000e+00 0.00000e+00 0.00000e+00
 0.00000e+00 0.00000e+00 0.00000e+00 0.00000e+00 0.00000e+00 0.00000e+00
 0.00000e+00 0.00000e+00 0.00000e+00 0.00000e+00 0.00000e+00 0.00000e+00
 0.00000e+00 0.00000e+00 0.00000e+00 0.00000e+00 0.00000e+00 0.00000e+00
 0.00000e+00 0.00000e+00 0.00000e+00 0.00000e+00 0.00000e+00 0.00000e+00
 0.00000e+00 0.00000e+00 0.00000e+00 0.00000e+00 0.00000e+00 0.00000e+00
 0.00000e+00 0.00000e+00 0.00000e+00 0.00000e+00 0.00000e+00 0.00000e+00
 0.00000e+00 0.00000e+00 0.00000e+00 0.00000e+00 0.00000e+00 0.00000e+00
 0.00000e+00 0.00000e+00 0.00000e+00 0.00000e+00 0.00000e+00 0.00000e+00
 0.00000e+00 0.00000e+00 0.00000e+00 0.00000e+00 0.00000e+00 0.00000e+00
 0.00000e+00 0.00000e+00 0.00000e+00 0.00000e+00 0.00000e+00 0.00000e+00
 0.00000e+00 0.00000e+00 0.00000e+00 0.00000e+00 0.00000e+00 0.00000e+00
 0.00000e+00 0.00000e+00 0.00000e+00 0.00000e+00 0.00000e+00 0.00000e+00
 0.00000e+00 0.00000e+00 0.00000e+00 0.00000e+00 0.00000e+00 0.00000e+00
 0.00000e+00 0.00000e+00 0.00000e+00 0.00000e+00 0.00000e+00 0.00000e+00
 0.00000e+00 0.00000e+00 0.00000e+00 0.00000e+00 0.00000e+00 0.00000e+00
 0.00000e+00 0.00000e+00 0.00000e+00 0.00000e+00 0.00000e+00 0.00000e+00
 0.00000e+00 0.00000e+00 0.00000e+00 0.00000e+00 0.00000e+00 0.00000e+00
 0.00000e+00 0.00000e+00 0.00000e+00 0.00000e+00 0.00000e+00 0.00000e+00
 0.00000e+00 0.00000e+00 0.00000e+00 0.00000e+00 0.00000e+00 0.00000e+00
 0.00000e+00 0.00000e+00 0.00000e+00 0.00000e+00 0.00000e+00 0.00000e+00
 0.00000e+00 0.00000e+00 0.00000e+00 0.00000e+00 0.00000e+00 0.00000e+00
 0.00000e+00 0.00000e+00 0.00000e+00 0.00000e+00 0.00000e+00 0.00000e+00
 0.00000e+00 0.00000e+00 0.00000e+00 0.00000e+00 0.00000e+00 0.00000e+00
 0.00000e+00 0.00000e+00 0.00000e+00 0.00000e+00 0.00000e+00 0.00000e+00
 0.00000e+00 0.00000e+00 0.00000e+00 0.00000e+00 0.00000e+00 0.00000e+00
 0.00000e+00 0.00000e+00 0.00000e+00 0.00000e+00 0.00000e+00 0.00000e+00
 0.00000e+00 0.00000e+00 0.00000e+00 0.00000e+00 0.00000e+00 0.00000e+00
 0.00000e+00 0.00000e+00 0.00000e+00 0.00000e+00 0.00000e+00 0.00000e+00
 0.00000e+00 0.00000e+00 0.00000e+00 0.00000e+00 0.00000e+00 0.00000e+00
 0.00000e+00 0.00000e+00 0.00000e+00 0.00000e+00 0.00000e+00 0.00000e+00
 0.00000e+00 0.00000e+00 0.00000e+00 0.00000e+00 0.00000e+00 0.00000e+00
 0.00000e+00 0.00000e+00 0.00000e+00 0.00000e+00 0.00000e+00 0.00000e+00
 0.00000e+00 0.00000e+00 0.00000e+00 0.00000e+00 0.00000e+00 0.00000e+00
 0.00000e+00 0.00000e+00 0.00000e+00 0.00000e+00 0.00000e+00 0.00000e+00
 0.00000e+00 0.00000e+00 0.00000e+00 0.00000e+00 0.00000e+00 0.00000e+00
 0.00000e+00 0.00000e+00 0.00000e+00 0.00000e+00 0.00000e+00 0.00000e+00
 0.00000e+00 0.00000e+00 0.00000e+00 0.00000e+00 0.00000e+00 0.00000e+00
 0.00000e+00 0.00000e+00 0.00000e+00 0.00000e+00 0.00000e+00 0.00000e+00
 0.00000e+00 0.00000e+00 0.00000e+00 0.00000e+00 0.00000e+00 0.00000e+00
 0.00000e+00 0.00000e+00 0.00000e+00 0.00000e+00 0.00000e+00 0.00000e+00
 0.00000e+00 0.00000e+00 0.00000e+00 0.00000e+00 0.00000e+00 0.00000e+00
 0.00000e+00 0.00000e+00 0.00000e+00 0.00000e+00 0.00000e+00 0.00000e+00
 0.00000e+00 0.00000e+00 0.00000e+00 0.00000e+00 0.00000e+00 0.00000e+00
 0.00000e+00 0.00000e+00 0.00000e+00 0.00000e+00 0.00000e+00 0.00000e+00
 0.00000e+00 0.00000e+00 0.00000e+00 0.00000e+00 0.00000e+00 0.00000e+00
 0.00000e+00 0.00000e+00 0.00000e+00 0.00000e+00 0.00000e+00 0.00000e+00
 0.00000e+00 0.00000e+00 0.00000e+00 0.00000e+00 0.00000e+00 0.00000e+00
 0.00000e+00 0.00000e+00 0.00000e+00 0.00000e+00 0.00000e+00 0.00000e+00
 0.00000e+00 0.00000e+00 0.00000e+00 0.00000e+00 0.00000e+00 0.00000e+00
 0.00000e+00 0.00000e+00 0.00000e+00 0.00000e+00 0.00000e+00 0.00000e+00
 0.00000e+00 0.00000e+00 0.00000e+00 0.00000e+00 0.00000e+00 0.00000e+00
 0.00000e+00 0.00000e+00 0.00000e+00 0.00000e+00 0.00000e+00 0.00000e+00
 0.00000e+00 0.00000e+00 0.00000e+00 0.00000e+00 0.00000e+00 0.00000e+00
 0.00000e+00 0.00000e+00 0.00000e+00 0.00000e+00 0.00000e+00 0.00000e+00
 0.00000e+00 0.00000e+00 0.00000e+00 0.00000e+00 0.00000e+00 0.00000e+00
 0.00000e+00 0.00000e+00 0.00000e+00 0.00000e+00 0.00000e+00 0.00000e+00
 0.00000e+00 0.00000e+00 0.00000e+00 0.00000e+00 0.00000e+00 0.00000e+00
 0.00000e+00 0.00000e+00 0.00000e+00 0.00000e+00 0.00000e+00 0.00000e+00
 0.00000e+00-7.49000e-03 5.49924e-01 0.00000e+00 7.16500e-03 9.43663e-01
 0.00000e+00 2.79480e-02 1.20103e+00 0.00000e+00 2.82800e-02 1.30706e+00
 0.00000e+00 4.67360e-02 1.37094e+00 0.00000e+00 6.03940e-02 1.34435e+00
 0.00000e+00 4.76790e-02 1.33259e+00 0.00000e+00 3.40650e-02 1.40153e+00
 0.00000e+00-1.22000e-03 1.20571e+00 0.00000e+00-3.67400e-02 1.40358e+00
 0.00000e+00-5.04300e-02 1.33859e+00 0.00000e+00-6.29600e-02 1.35976e+00
 0.00000e+00-4.73310e-02 1.37083e+00 0.00000e+00-2.62700e-02 1.28421e+00
 0.00000e+00-2.49990e-02 1.10334e+00 0.00000e+00 2.40300e-03 8.11597e-01
 0.00000e+00 7.96200e-03 4.11260e-01 0.00000e+00 0.00000e+00 0.00000e+00
 0.00000e+00 0.00000e+00 0.00000e+00 0.00000e+00 0.00000e+00 0.00000e+00
 0.00000e+00 0.00000e+00 0.00000e+00 0.00000e+00 0.00000e+00 0.00000e+00
 0.00000e+00 0.00000e+00 0.00000e+00 0.00000e+00 0.00000e+00 0.00000e+00
 0.00000e+00 0.00000e+00 0.00000e+00 0.00000e+00 0.00000e+00 0.00000e+00
 0.00000e+00 0.00000e+00 0.00000e+00 0.00000e+00 0.00000e+00 0.00000e+00
 0.00000e+00 0.00000e+00 0.00000e+00 0.00000e+00 0.00000e+00 0.00000e+00
 0.00000e+00 0.00000e+00 0.00000e+00 0.00000e+00 0.00000e+00 0.00000e+00
 0.00000e+00 0.00000e+00 0.00000e+00 0.00000e+00 0.00000e+00 0.00000e+00
 0.00000e+00 0.00000e+00 0.00000e+00 0.00000e+00 9.73100e-03-5.68569e-01
 0.00000e+00-2.18810e-02-1.02108e+00 0.00000e+00-2.38400e-02-1.24789e+00
 0.00000e+00-3.01300e-02-1.31896e+00 0.00000e+00-4.66290e-02-1.37712e+00
 0.00000e+00-6.16000e-02-1.36176e+00 0.00000e+00-4.81580e-02-1.33683e+00
 0.00000e+00-3.50600e-02-1.40468e+00 0.00000e+00 3.20000e-04-1.20696e+00
 0.00000e+00 3.68280e-02-1.40372e+00 0.00000e+00 4.96750e-02-1.33925e+00
 0.00000e+00 6.20060e-02-1.36048e+00 0.00000e+00 4.98610e-02-1.37654e+00
 0.00000e+00 2.65300e-02-1.30795e+00 0.00000e+00 2.53950e-02-1.12219e+00
 0.00000e+00-1.51400e-03-8.34800e-01 0.00000e+00-7.86000e-03-4.27493e-01
 0.00000e+00 6.06440e-02-1.36694e+00 0.00000e+00 5.85780e-02-1.37314e+00
 0.00000e+00 5.55910e-02-1.38462e+00 0.00000e+00 6.18740e-02 1.37206e+00
 0.00000e+00 5.74250e-02 1.38203e+00 0.00000e+00 5.08550e-02 1.38049e+00
 0.00000e+00-6.03000e-02-1.36897e+00 0.00000e+00-5.66600e-02-1.38316e+00
 0.00000e+00-5.02590e-02-1.38335e+00 0.00000e+00-6.15900e-02 1.36586e+00
 0.00000e+00-5.80400e-02 1.38160e+00 0.00000e+00-5.18400e-02 1.38169e+00
 0.00000e+00 3.66670e-02-1.35964e+00 0.00000e+00 4.40060e-02-1.37215e+00
 0.00000e+00 3.54450e-02 1.37577e+00 0.00000e+00 4.29410e-02 1.37038e+00
 0.00000e+00-3.76200e-02-1.36083e+00 0.00000e+00-4.31900e-02-1.37544e+00
 0.00000e+00-3.37320e-02 1.34494e+00 0.00000e+00-4.23690e-02 1.37106e+00
 8.47777e-01 1.21000e-03-1.09672e+00 6.48637e-01 4.28960e-02-1.16111e+00
 4.90757e-01 5.65020e-02-1.26254e+00 1.11053e+00 5.55170e-02-8.66263e-01
 1.43117e+00 5.08670e-02 2.60630e-02 1.33437e+00 2.60000e-04 1.38630e-02
 1.08374e+00 5.57430e-02 8.97594e-01 4.67334e-01 5.58630e-02 1.26227e+00
 6.30815e-01 4.19360e-02 1.16533e+00 8.38094e-01-1.19000e-03 1.09853e+00
 1.43204e+00-5.10600e-02 8.43000e-04 1.09675e+00-5.52600e-02-8.85252e-01
 4.82759e-01-5.56790e-02-1.26699e+00 6.48289e-01-4.15800e-02-1.15955e+00
 6.39536e-01-4.37110e-02 1.16579e+00 4.84986e-01-5.75690e-02 1.26426e+00
 1.10016e+00-5.69400e-02 8.79061e-01 2.00167e-01 7.55900e-03-9.05522e-01
 4.45563e-01 2.65820e-02-1.15188e+00 4.73742e-01 9.80900e-03-7.98347e-01
 6.01386e-01-5.39400e-03-5.17234e-01 1.01100e+00 2.85760e-02-7.79238e-01
 8.50070e-01 6.56500e-03-3.05801e-01 7.81745e-01-9.07200e-03 6.45500e-03
 1.29130e+00 2.87060e-02 1.10360e-02 3.46580e-01 3.02590e-02-1.25902e+00
 1.00185e+00 3.69330e-02-8.61826e-01 7.02356e-01 3.38680e-02-1.14949e+00
 1.31726e+00 3.83280e-02 9.24100e-03 1.27066e+00 3.69740e-02-4.67480e-01
 3.47197e-01 6.14100e-02-1.31093e+00 7.04583e-01 6.18860e-02-1.19783e+00
 1.02270e+00 5.68160e-02-8.97948e-01 1.30425e+00 5.73590e-02-4.83078e-01
 1.35469e+00 5.34580e-02 1.59980e-02 8.38027e-01 5.65200e-03 3.24289e-01
 5.78919e-01-7.14400e-03 5.29437e-01 9.87674e-01 2.84510e-02 8.00089e-01
 4.23052e-01 9.00500e-03 8.20046e-01 2.15417e-01 1.70250e-02 9.99533e-01
 4.53499e-01 2.29580e-02 1.09297e+00 9.49180e-01 3.68680e-02 9.38707e-01
 1.26349e+00 3.77830e-02 5.00549e-01 2.72779e-01 2.75790e-02 1.26457e+00
 6.14457e-01 3.07230e-02 1.19977e+00 1.29314e+00 5.75550e-02 5.14519e-01
 1.00383e+00 5.73000e-02 9.19288e-01 6.79435e-01 6.22620e-02 1.21698e+00
 2.84337e-01 6.18620e-02 1.34146e+00 3.41950e-01-6.09890e-02-1.31381e+00
 1.01415e+00-5.67400e-02-9.08590e-01 6.97094e-01-6.15810e-02-1.20315e+00
 1.35478e+00-5.37210e-02-8.94000e-04 1.29946e+00-5.74610e-02-4.98101e-01
 2.88338e-01-2.94400e-02-1.28471e+00 4.28097e-01-2.61610e-02-1.11642e+00
 6.66269e-01-3.17000e-02-1.15444e+00 9.64165e-01-3.63310e-02-9.18140e-01
 9.88454e-01-2.64610e-02-7.78044e-01 1.26765e+00-3.65690e-02-4.84365e-01
 1.31613e+00-3.75190e-02 5.88300e-03 1.28419e+00-2.75400e-02 6.45100e-03
 2.28770e-01-4.62000e-03-8.56446e-01 5.87255e-01 7.56000e-03-5.00341e-01
 4.62771e-01-8.41900e-03-7.64502e-01 7.68562e-01 1.00600e-02 2.13200e-03
 8.31784e-01-4.97100e-03-3.04992e-01 1.01681e+00-5.77410e-02 9.05016e-01
 1.29986e+00-5.81020e-02 4.95697e-01 3.44044e-01-6.23490e-02 1.31154e+00
 6.99128e-01-6.28490e-02 1.19981e+00 1.26288e+00-3.70310e-02 5.00561e-01
 9.50884e-01-3.69600e-02 9.35101e-01 9.83196e-01-2.76800e-02 7.94947e-01
 6.62213e-01-3.25010e-02 1.16451e+00 2.96329e-01-3.06490e-02 1.29647e+00
 4.22281e-01-2.62700e-02 1.13840e+00 5.86270e-01 6.22900e-03 5.12392e-01
 8.34943e-01-5.57000e-03 3.11651e-01 1.93556e-01-6.80900e-03 8.86027e-01
 4.60365e-01-8.87700e-03 7.84976e-01 7.55320e-02-1.20900e-02-5.78367e-01
 1.59742e-01-2.87000e-03-5.00409e-01 2.31992e-01-1.83800e-02-4.53271e-01
 2.78128e-01-7.71000e-03-3.62719e-01 2.96818e-01-1.66600e-02-2.46982e-01
 4.31547e-01-8.33000e-03-2.44275e-01 4.54826e-01-1.94600e-02-1.73568e-01
 4.47444e-01-6.87000e-03-8.23880e-02 4.36135e-01-2.38700e-02 1.21100e-03
 1.84036e-01 3.30980e-02-1.32439e+00 6.25372e-01 3.92520e-02-1.18649e+00
 3.85532e-01 3.75120e-02-1.31563e+00 9.85762e-01 4.13810e-02-8.96694e-01
 8.28527e-01 4.13870e-02-1.06979e+00 1.24064e+00 4.24480e-02-4.81853e-01
 1.14744e+00 4.25000e-02-7.13130e-01 1.32545e+00 4.25200e-02 5.80800e-03
 1.32441e+00 4.31710e-02-2.45711e-01 1.69996e-01 6.10160e-02-1.35834e+00
 3.63296e-01 6.00150e-02-1.33845e+00 5.65824e-01 5.68080e-02-1.25366e+00
 8.17994e-01 5.60390e-02-1.10404e+00 9.92587e-01 5.42080e-02-9.30405e-01
 1.15579e+00 5.43930e-02-7.27740e-01 1.26022e+00 5.30140e-02-4.96932e-01
 1.33850e+00 5.31080e-02-2.48583e-01 1.35202e+00 5.20490e-02 8.74800e-03
 4.43422e-01-7.03000e-03 8.49900e-02 4.35370e-01-2.08800e-02 1.74990e-01
 3.79167e-01-6.15000e-03 2.48063e-01 3.17950e-01-2.29800e-02 3.03704e-01
 2.70455e-01-6.62000e-03 3.73816e-01 2.03310e-01-2.05300e-02 4.30734e-01
 1.09858e-01-9.03000e-03 4.35654e-01 1.54147e-01 1.45500e-03 7.46632e-01
 1.23373e+00 4.29700e-02 4.99544e-01 1.32170e+00 4.34730e-02 2.60528e-01
 9.68427e-01 4.19540e-02 9.20974e-01 1.13113e+00 4.28670e-02 7.38271e-01
 6.82856e-01 3.83830e-02 1.15954e+00 8.38898e-01 4.21740e-02 1.06355e+00
 2.58945e-01 3.15340e-02 1.32183e+00 3.89679e-01 3.76180e-02 1.31471e+00
 1.33471e+00 5.31810e-02 2.67772e-01 1.25326e+00 5.32360e-02 5.14153e-01
 1.14457e+00 5.47760e-02 7.44837e-01 9.79767e-01 5.44750e-02 9.43500e-01
 8.03181e-01 5.62480e-02 1.11498e+00 5.49255e-01 5.67340e-02 1.25953e+00
 3.48534e-01 6.02010e-02 1.34093e+00 1.94584e-01 6.08840e-02 1.35910e+00
 1.72654e-01-6.06810e-02-1.36038e+00 5.61285e-01-5.64800e-02-1.25758e+00
 3.64701e-01-5.97590e-02-1.33870e+00 9.93294e-01-5.41190e-02-9.31401e-01
 8.14429e-01-5.58110e-02-1.10843e+00 1.25781e+00-5.31290e-02-5.06218e-01
 1.15432e+00-5.44300e-02-7.31523e-01 1.35294e+00-5.23000e-02-9.64800e-03
 1.33667e+00-5.32920e-02-2.63072e-01 1.76847e-01-3.54500e-02-1.33673e+00
 4.39448e-01-3.74510e-02-1.29027e+00 7.11389e-01-3.81010e-02-1.13538e+00
 8.52951e-01-4.19900e-02-1.05243e+00 9.81151e-01-4.15590e-02-9.07317e-01
 1.13920e+00-4.24900e-02-7.28655e-01 1.23812e+00-4.22900e-02-4.89928e-01
 1.32429e+00-4.29000e-02-2.52206e-01 1.32551e+00-4.20710e-02 3.82800e-03
 9.96210e-02-2.54100e-03-7.27661e-01 1.98676e-01 1.53310e-02-3.68376e-01
 1.37594e-01 7.24100e-03-5.04981e-01 2.91836e-01 1.51600e-02-2.44838e-01
 3.05761e-01 1.00710e-02-3.66284e-01 4.38990e-01 1.95930e-02-1.71437e-01
 4.20391e-01 9.07100e-03-2.39893e-01 4.24206e-01 2.36700e-02 4.79000e-04
 4.37222e-01 7.01900e-03-8.21560e-02 1.26104e+00-5.35910e-02 4.96149e-01
 1.33884e+00-5.35600e-02 2.50256e-01 9.93753e-01-5.49410e-02 9.29668e-01
 1.15545e+00-5.50710e-02 7.28066e-01 5.66670e-01-5.75510e-02 1.25300e+00
 8.17750e-01-5.68000e-02 1.10381e+00 1.73175e-01-6.19700e-02 1.35723e+00
 3.66026e-01-6.09820e-02 1.33605e+00 1.32317e+00-4.30820e-02 2.58074e-01
 1.23361e+00-4.26900e-02 4.99663e-01 1.12936e+00-4.29590e-02 7.41513e-01
 9.63692e-01-4.23180e-02 9.26688e-01 8.36617e-01-4.29290e-02 1.06579e+00
 7.01698e-01-3.89690e-02 1.14317e+00 4.41152e-01-3.81510e-02 1.28506e+00
 2.31088e-01-3.61310e-02 1.32090e+00 4.42226e-01 1.95770e-02 1.73027e-01
 4.38652e-01 7.27800e-03 8.28500e-02 2.88609e-01 1.64530e-02 2.42203e-01
 4.23141e-01 8.51000e-03 2.42201e-01 2.24907e-01 1.85200e-02 4.39714e-01
 2.72440e-01 7.72900e-03 3.55323e-01 7.39320e-02 1.25200e-02 5.65537e-01
 1.56252e-01 3.30700e-03 4.88115e-01 1.81632e-01 4.27040e-02-1.36346e+00
 1.55255e-01 4.75070e-02-1.36916e+00 3.68252e-01 4.61330e-02-1.32654e+00
 6.14163e-01 4.37960e-02-1.23697e+00 3.63561e-01 5.05900e-02-1.32459e+00
 2.59855e-01 4.97080e-02-1.35116e+00 5.34988e-01 4.78730e-02-1.26084e+00
 4.61553e-01 4.96350e-02-1.29244e+00 7.98863e-01 4.57860e-02-1.11283e+00
 9.98758e-01 4.53150e-02-9.43471e-01 7.69367e-01 4.89650e-02-1.12855e+00
 6.66082e-01 4.79990e-02-1.19608e+00 9.76086e-01 4.82060e-02-9.48156e-01
 8.91094e-01 4.85530e-02-1.03660e+00 1.14042e+00 4.61620e-02-7.44296e-01
 1.27064e+00 4.58490e-02-5.10786e-01 1.12374e+00 4.86010e-02-7.62900e-01
 1.05080e+00 4.80640e-02-8.65833e-01 1.25283e+00 4.80440e-02-5.15682e-01
 1.20416e+00 4.83040e-02-6.31451e-01 1.33154e+00 4.62250e-02-2.65232e-01
 1.36686e+00 4.58450e-02-7.20000e-05 1.32349e+00 4.82890e-02-2.84321e-01
 1.29257e+00 4.78850e-02-4.10566e-01 1.35234e+00 4.78970e-02-5.80200e-03
 1.34973e+00 4.80990e-02-1.32289e-01 1.23201e-01 5.86800e-02-1.37406e+00
 2.09590e-01 5.58010e-02-1.36386e+00 3.75709e-01 5.54450e-02-1.32209e+00
 4.65464e-01 5.42440e-02-1.28852e+00 5.49240e-01 5.35610e-02-1.25302e+00
 6.87777e-01 5.34820e-02-1.18450e+00 7.97711e-01 5.33050e-02-1.10502e+00
 8.96730e-01 5.26540e-02-1.02766e+00 9.82238e-01 5.23420e-02-9.37141e-01
 1.07107e+00 5.20550e-02-8.38771e-01 1.14257e+00 5.20390e-02-7.28893e-01
 1.20737e+00 5.15410e-02-6.20170e-01 1.25453e+00 5.13640e-02-5.02720e-01
 1.30191e+00 5.10730e-02-3.77215e-01 1.32790e+00 5.11610e-02-2.47805e-01
 1.34792e+00 5.08610e-02-1.21394e-01 1.34889e+00 5.08030e-02 6.06300e-03
 1.33321e+00 4.64210e-02 2.54617e-01 1.26870e+00 4.62120e-02 5.14098e-01
 1.33213e+00 4.84140e-02 2.37081e-01 1.35033e+00 4.78500e-02 1.06612e-01
 1.25574e+00 4.83070e-02 5.06459e-01 1.30024e+00 4.84400e-02 3.87763e-01
 1.14242e+00 4.64870e-02 7.38335e-01 9.94406e-01 4.56230e-02 9.44106e-01
 1.14697e+00 4.88350e-02 7.24431e-01 1.21227e+00 4.82620e-02 6.09595e-01
 9.79802e-01 4.83330e-02 9.42896e-01 1.06366e+00 4.87200e-02 8.49962e-01
 8.03458e-01 4.58400e-02 1.10753e+00 6.18040e-01 4.33360e-02 1.22974e+00
 7.81589e-01 4.92590e-02 1.11936e+00 9.01437e-01 4.82350e-02 1.02394e+00
 5.26793e-01 4.75280e-02 1.26186e+00 6.65798e-01 4.79130e-02 1.19438e+00
 3.53547e-01 4.57520e-02 1.33011e+00 1.75181e-01 4.21780e-02 1.36239e+00
 3.42508e-01 5.03630e-02 1.32914e+00 4.47121e-01 4.93110e-02 1.29590e+00
 1.21661e-01 4.67170e-02 1.37078e+00 2.02504e-01 4.99610e-02 1.36312e+00
 1.34641e+00 5.08760e-02 1.40669e-01 1.32329e+00 5.12860e-02 2.70609e-01
 1.29553e+00 5.13230e-02 3.96115e-01 1.24916e+00 5.15960e-02 5.14937e-01
 1.19765e+00 5.17840e-02 6.38721e-01 1.12845e+00 5.23650e-02 7.49691e-01
 1.05661e+00 5.23870e-02 8.55268e-01 9.71177e-01 5.25350e-02 9.47522e-01
 8.80231e-01 5.28200e-02 1.04073e+00 7.80331e-01 5.35660e-02 1.11710e+00
 6.72163e-01 5.36130e-02 1.19141e+00 5.33534e-01 5.33470e-02 1.25908e+00
 4.48147e-01 5.40340e-02 1.29456e+00 3.61022e-01 5.55170e-02 1.32688e+00
 2.08241e-01 5.64370e-02 1.36549e+00 1.51406e-01 5.93240e-02 1.37346e+00
 1.49161e-01-5.86400e-02-1.37251e+00 3.69332e-01-5.52780e-02-1.32575e+00
 2.10882e-01-5.60110e-02-1.36573e+00 5.43578e-01-5.32510e-02-1.25719e+00
 4.60138e-01-5.39710e-02-1.29221e+00 7.93257e-01-5.31100e-02-1.11017e+00
 6.85115e-01-5.32100e-02-1.18763e+00 9.98684e-01-5.17900e-02-9.24355e-01
 8.96217e-01-5.23800e-02-1.03047e+00 1.14314e+00-5.21690e-02-7.29921e-01
 1.08490e+00-5.23110e-02-8.19450e-01 1.25289e+00-5.14600e-02-5.10408e-01
 1.20631e+00-5.16400e-02-6.24646e-01 1.32597e+00-5.13800e-02-2.64145e-01
 1.30082e+00-5.12110e-02-3.85299e-01 1.35174e+00-5.07510e-02-2.79440e-02
 1.34440e+00-5.13120e-02-1.54822e-01 7.34800e-02-4.68010e-02-1.37744e+00
 1.84148e-01-4.22490e-02-1.36854e+00 1.95955e-01-4.87200e-02-1.36668e+00
 3.55756e-01-5.01780e-02-1.32805e+00 4.02975e-01-4.55710e-02-1.31660e+00
 4.65170e-01-4.93390e-02-1.29161e+00 5.46991e-01-4.74890e-02-1.25621e+00
 6.41887e-01-4.35320e-02-1.21669e+00 6.70122e-01-4.77810e-02-1.19392e+00
 7.69100e-01-4.87310e-02-1.12946e+00 8.09206e-01-4.57400e-02-1.10594e+00
 8.89158e-01-4.84200e-02-1.03897e+00 9.73421e-01-4.80810e-02-9.52097e-01
 9.98188e-01-4.53420e-02-9.42876e-01 1.04517e+00-4.80710e-02-8.74383e-01
 1.12012e+00-4.86790e-02-7.70964e-01 1.13749e+00-4.62110e-02-7.50265e-01
 1.20359e+00-4.84300e-02-6.35583e-01 1.25342e+00-4.81300e-02-5.17918e-01
 1.26911e+00-4.58390e-02-5.18013e-01 1.29278e+00-4.79480e-02-4.14871e-01
 1.32379e+00-4.83400e-02-2.88690e-01 1.33191e+00-4.61590e-02-2.70015e-01
 1.35127e+00-4.81800e-02-1.30421e-01 1.35382e+00-4.78900e-02-1.02600e-03
 1.36803e+00-4.57000e-02-3.10400e-03 1.32802e+00-5.16200e-02 2.53031e-01
 1.34916e+00-5.10500e-02 1.29422e-01 1.26374e+00-5.15900e-02 4.84929e-01
 1.30493e+00-5.18490e-02 3.61712e-01 1.14363e+00-5.27800e-02 7.27727e-01
 1.20725e+00-5.20800e-02 6.21586e-01 9.97989e-01-5.25800e-02 9.23475e-01
 1.08516e+00-5.30090e-02 8.17421e-01 7.94394e-01-5.42600e-02 1.10842e+00
 8.90222e-01-5.32900e-02 1.03393e+00 5.64171e-01-5.37510e-02 1.24784e+00
 7.00855e-01-5.46920e-02 1.17439e+00 3.70322e-01-5.64010e-02 1.32436e+00
 4.62509e-01-5.48290e-02 1.29092e+00 1.49656e-01-5.99410e-02 1.37018e+00
 2.13789e-01-5.73380e-02 1.36413e+00 1.35142e+00-4.78400e-02 1.08439e-01
 1.33357e+00-4.84900e-02 2.34990e-01 1.33463e+00-4.63290e-02 2.52584e-01
 1.30062e+00-4.86390e-02 3.91389e-01 1.25277e+00-4.85800e-02 5.17718e-01
 1.26862e+00-4.62710e-02 5.18520e-01 1.19979e+00-4.88890e-02 6.39502e-01
 1.11817e+00-4.93300e-02 7.71738e-01 1.13167e+00-4.67890e-02 7.56888e-01
 1.03948e+00-4.88000e-02 8.79360e-01 9.67407e-01-4.86790e-02 9.57479e-01
 9.87678e-01-4.60790e-02 9.52280e-01 8.93526e-01-4.88090e-02 1.03273e+00
 7.77433e-01-5.01310e-02 1.12433e+00 8.00886e-01-4.66810e-02 1.11119e+00
 6.56422e-01-4.88900e-02 1.20087e+00 5.22861e-01-4.82500e-02 1.26601e+00
 6.27219e-01-4.44200e-02 1.22372e+00 4.42146e-01-4.99090e-02 1.29930e+00
 3.43516e-01-5.12480e-02 1.32979e+00 3.64379e-01-4.62710e-02 1.33062e+00
 2.05158e-01-5.09090e-02 1.36409e+00 1.27534e-01-4.73500e-02 1.37081e+00
 1.97019e-01-4.12000e-02 1.36059e+00 1.49880e-01 5.17840e-02-1.37086e+00
 2.90300e-01 5.28290e-02-1.34577e+00 3.91263e-01 5.30260e-02-1.31554e+00
 4.69080e-01 5.20470e-02-1.28998e+00 5.82921e-01 5.07930e-02-1.24210e+00
 7.02128e-01 5.05450e-02-1.17294e+00 8.08508e-01 5.11990e-02-1.10361e+00
 8.93370e-01 5.07210e-02-1.02867e+00 9.85444e-01 5.03080e-02-9.45981e-01
 1.07736e+00 4.99200e-02-8.29595e-01 1.15245e+00 5.03380e-02-7.23129e-01
 1.20470e+00 4.99990e-02-6.21505e-01 1.26095e+00 4.96780e-02-5.09688e-01
 1.30449e+00 4.93700e-02-3.65223e-01 1.33535e+00 4.97550e-02-2.37326e-01
 1.34646e+00 4.95510e-02-1.22472e-01 1.35750e+00 4.93820e-02 2.73100e-03
 1.34456e+00 4.93200e-02 1.54044e-01 1.32598e+00 4.99330e-02 2.84482e-01
 1.29375e+00 4.99320e-02 3.95700e-01 1.25772e+00 4.99390e-02 5.15941e-01
 1.18961e+00 4.99280e-02 6.51679e-01 1.12482e+00 5.06810e-02 7.64768e-01
 1.05438e+00 5.05940e-02 8.55510e-01 9.77370e-01 5.04990e-02 9.52912e-01
 8.64300e-01 5.05550e-02 1.05434e+00 7.80198e-01 5.17910e-02 1.12132e+00
 6.94001e-01 5.06920e-02 1.17635e+00 5.71513e-01 5.06180e-02 1.24576e+00
 4.51755e-01 5.17540e-02 1.29510e+00 3.73163e-01 5.29000e-02 1.32026e+00
 2.70244e-01 5.31660e-02 1.34983e+00 1.36606e-01 5.33670e-02 1.37317e+00
 1.33390e-01-5.27280e-02-1.37524e+00 2.73369e-01-5.27490e-02-1.35082e+00
 3.82844e-01-5.27900e-02-1.31920e+00 4.64896e-01-5.17400e-02-1.29284e+00
 5.83429e-01-5.04800e-02-1.24273e+00 7.01673e-01-5.02800e-02-1.17419e+00
 8.06607e-01-5.09820e-02-1.10636e+00 8.88953e-01-5.04610e-02-1.03426e+00
 9.68789e-01-4.98910e-02-9.62745e-01 1.06441e+00-5.02300e-02-8.50370e-01
 1.15165e+00-5.05010e-02-7.26484e-01 1.20410e+00-5.01220e-02-6.25536e-01
 1.26048e+00-4.97910e-02-5.14528e-01 1.30452e+00-4.94690e-02-3.71279e-01
 1.33575e+00-4.99610e-02-2.45488e-01 1.34996e+00-4.99000e-02-1.09201e-01
 1.35770e+00-4.92810e-02 1.70510e-02 1.34614e+00-4.93910e-02 1.52986e-01
 1.32925e+00-5.02090e-02 2.77041e-01 1.29158e+00-5.04700e-02 4.09558e-01
 1.25097e+00-5.01010e-02 5.31269e-01 1.20051e+00-5.05480e-02 6.30747e-01
 1.15040e+00-5.10810e-02 7.26569e-01 1.06305e+00-5.09420e-02 8.50677e-01
 9.63779e-01-5.05690e-02 9.67257e-01 8.62537e-01-5.10810e-02 1.05766e+00
 7.85754e-01-5.26010e-02 1.11925e+00 6.74224e-01-5.19190e-02 1.19131e+00
 5.52728e-01-5.08500e-02 1.25486e+00 4.56318e-01-5.23900e-02 1.29504e+00
 3.79534e-01-5.37610e-02 1.31956e+00 2.74643e-01-5.41000e-02 1.34969e+00
 1.39099e-01-5.43100e-02 1.37332e+00 1.27171e+00 3.25060e-02-4.88925e-01
 1.26016e+00 3.28880e-02 5.16748e-01 1.26965e+00-3.17100e-02-4.97322e-01
 1.26569e+00-3.36400e-02 5.08598e-01
