BEGIN TIME STEP
displacement
part
         1
coordinates
 0.00000e+00
 0.00000e+00
 0.00000e+00
 0.00000e+00
 0.00000e+00
 0.00000e+00
 0.00000e+00
 0.00000e+00
 0.00000e+00
 0.00000e+00
 0.00000e+00
 0.00000e+00
 0.00000e+00
 0.00000e+00
 0.00000e+00
 0.00000e+00
 0.00000e+00
 0.00000e+00
 0.00000e+00
 0.00000e+00
 0.00000e+00
 0.00000e+00
 0.00000e+00
 0.00000e+00
 0.00000e+00
 0.00000e+00
 0.00000e+00
 0.00000e+00
 0.00000e+00
 0.00000e+00
 0.00000e+00
 0.00000e+00
 0.00000e+00
 0.00000e+00
 0.00000e+00
 0.00000e+00
 0.00000e+00
 0.00000e+00
 0.00000e+00
 0.00000e+00
 0.00000e+00
 0.00000e+00
 0.00000e+00
 0.00000e+00
 0.00000e+00
 0.00000e+00
 0.00000e+00
 0.00000e+00
 0.00000e+00
 0.00000e+00
 0.00000e+00
 0.00000e+00
 0.00000e+00
 0.00000e+00
 0.00000e+00
 0.00000e+00
 0.00000e+00
 0.00000e+00
 0.00000e+00
 0.00000e+00
 0.00000e+00
 0.00000e+00
 0.00000e+00
 0.00000e+00
 0.00000e+00
 0.00000e+00
 0.00000e+00
 0.00000e+00
 0.00000e+00
 0.00000e+00
 0.00000e+00
 0.00000e+00
 0.00000e+00
 0.00000e+00
 0.00000e+00
 0.00000e+00
 0.00000e+00
 0.00000e+00
 0.00000e+00
 0.00000e+00
 0.00000e+00
 0.00000e+00
 0.00000e+00
 0.00000e+00
 0.00000e+00
 0.00000e+00
 0.00000e+00
 0.00000e+00
 0.00000e+00
 0.00000e+00
 0.00000e+00
 0.00000e+00
 0.00000e+00
 0.00000e+00
 0.00000e+00
 0.00000e+00
 0.00000e+00
 0.00000e+00
 0.00000e+00
 0.00000e+00
 0.00000e+00
 0.00000e+00
 0.00000e+00
 0.00000e+00
 0.00000e+00
 0.00000e+00
 0.00000e+00
 0.00000e+00
 0.00000e+00
 0.00000e+00
 0.00000e+00
 0.00000e+00
 0.00000e+00
 0.00000e+00
 0.00000e+00
 0.00000e+00
 0.00000e+00
 0.00000e+00
 0.00000e+00
 0.00000e+00
 0.00000e+00
 0.00000e+00
 0.00000e+00
 0.00000e+00
 0.00000e+00
 0.00000e+00
 0.00000e+00
 0.00000e+00
 0.00000e+00
 0.00000e+00
 0.00000e+00
 0.00000e+00
 0.00000e+00
 0.00000e+00
 0.00000e+00
 0.00000e+00
 0.00000e+00
 0.00000e+00
 0.00000e+00
 0.00000e+00
 0.00000e+00
 0.00000e+00
 0.00000e+00
 0.00000e+00
 0.00000e+00
 0.00000e+00
 0.00000e+00
 0.00000e+00
 0.00000e+00
 0.00000e+00
 0.00000e+00
 0.00000e+00
 0.00000e+00
 0.00000e+00
 0.00000e+00
 0.00000e+00
 0.00000e+00
 0.00000e+00
 0.00000e+00
 0.00000e+00
 0.00000e+00
 0.00000e+00
 0.00000e+00
 0.00000e+00
 0.00000e+00
 0.00000e+00
 0.00000e+00
 0.00000e+00
 0.00000e+00
 0.00000e+00
 0.00000e+00
 0.00000e+00
 0.00000e+00
 0.00000e+00
 0.00000e+00
 0.00000e+00
 0.00000e+00
 0.00000e+00
 0.00000e+00
 0.00000e+00
 0.00000e+00
 0.00000e+00
 0.00000e+00
 0.00000e+00
 0.00000e+00
 0.00000e+00
 0.00000e+00
 0.00000e+00
 0.00000e+00
 0.00000e+00
 0.00000e+00
 0.00000e+00
 0.00000e+00
 0.00000e+00
 0.00000e+00
 0.00000e+00
 0.00000e+00
 0.00000e+00
 0.00000e+00
 0.00000e+00
 0.00000e+00
 0.00000e+00
 0.00000e+00
 0.00000e+00
 0.00000e+00
 0.00000e+00
 0.00000e+00
 0.00000e+00
 0.00000e+00
 0.00000e+00
 0.00000e+00
 0.00000e+00
 0.00000e+00
 0.00000e+00
 0.00000e+00
 0.00000e+00
 0.00000e+00
 0.00000e+00
 0.00000e+00
 0.00000e+00
 0.00000e+00
 0.00000e+00
 0.00000e+00
 0.00000e+00
 0.00000e+00
 0.00000e+00
 0.00000e+00
 0.00000e+00
 0.00000e+00
 0.00000e+00
 0.00000e+00
 0.00000e+00
 0.00000e+00
 0.00000e+00
 0.00000e+00
 0.00000e+00
 0.00000e+00
 0.00000e+00
 0.00000e+00
 0.00000e+00
 0.00000e+00
 0.00000e+00
 0.00000e+00
 0.00000e+00
 0.00000e+00
 0.00000e+00
 0.00000e+00
 0.00000e+00
 0.00000e+00
 0.00000e+00
 0.00000e+00
 0.00000e+00
 0.00000e+00
 0.00000e+00
 0.00000e+00
 0.00000e+00
 0.00000e+00
 0.00000e+00
 0.00000e+00
 0.00000e+00
 0.00000e+00
 0.00000e+00
 0.00000e+00
 0.00000e+00
 0.00000e+00
 0.00000e+00
 0.00000e+00
 0.00000e+00
 8.47777e-01
 6.48637e-01
 4.90757e-01
 1.11053e+00
 1.43117e+00
 1.33437e+00
 1.08374e+00
 4.67334e-01
 6.30815e-01
 8.38094e-01
 1.43204e+00
 1.09675e+00
 4.82759e-01
 6.48289e-01
 6.39536e-01
 4.84986e-01
 1.10016e+00
 2.00167e-01
 4.45563e-01
 4.73742e-01
 6.01386e-01
 1.01100e+00
 8.50070e-01
 7.81745e-01
 1.29130e+00
 3.46580e-01
 1.00185e+00
 7.02356e-01
 1.31726e+00
 1.27066e+00
 3.47197e-01
 7.04583e-01
 1.02270e+00
 1.30425e+00
 1.35469e+00
 8.38027e-01
 5.78919e-01
 9.87674e-01
 4.23052e-01
 2.15417e-01
 4.53499e-01
 9.49180e-01
 1.26349e+00
 2.72779e-01
 6.14457e-01
 1.29314e+00
 1.00383e+00
 6.79435e-01
 2.84337e-01
 3.41950e-01
 1.01415e+00
 6.97094e-01
 1.35478e+00
 1.29946e+00
 2.88338e-01
 4.28097e-01
 6.66269e-01
 9.64165e-01
 9.88454e-01
 1.26765e+00
 1.31613e+00
 1.28419e+00
 2.28770e-01
 5.87255e-01
 4.62771e-01
 7.68562e-01
 8.31784e-01
 1.01681e+00
 1.29986e+00
 3.44044e-01
 6.99128e-01
 1.26288e+00
 9.50884e-01
 9.83196e-01
 6.62213e-01
 2.96329e-01
 4.22281e-01
 5.86270e-01
 8.34943e-01
 1.93556e-01
 4.60365e-01
 7.55320e-02
 1.59742e-01
 2.31992e-01
 2.78128e-01
 2.96818e-01
 4.31547e-01
 4.54826e-01
 4.47444e-01
 4.36135e-01
 1.84036e-01
 6.25372e-01
 3.85532e-01
 9.85762e-01
 8.28527e-01
 1.24064e+00
 1.14744e+00
 1.32545e+00
 1.32441e+00
 1.69996e-01
 3.63296e-01
 5.65824e-01
 8.17994e-01
 9.92587e-01
 1.15579e+00
 1.26022e+00
 1.33850e+00
 1.35202e+00
 4.43422e-01
 4.35370e-01
 3.79167e-01
 3.17950e-01
 2.70455e-01
 2.03310e-01
 1.09858e-01
 1.54147e-01
 1.23373e+00
 1.32170e+00
 9.68427e-01
 1.13113e+00
 6.82856e-01
 8.38898e-01
 2.58945e-01
 3.89679e-01
 1.33471e+00
 1.25326e+00
 1.14457e+00
 9.79767e-01
 8.03181e-01
 5.49255e-01
 3.48534e-01
 1.94584e-01
 1.72654e-01
 5.61285e-01
 3.64701e-01
 9.93294e-01
 8.14429e-01
 1.25781e+00
 1.15432e+00
 1.35294e+00
 1.33667e+00
 1.76847e-01
 4.39448e-01
 7.11389e-01
 8.52951e-01
 9.81151e-01
 1.13920e+00
 1.23812e+00
 1.32429e+00
 1.32551e+00
 9.96210e-02
 1.98676e-01
 1.37594e-01
 2.91836e-01
 3.05761e-01
 4.38990e-01
 4.20391e-01
 4.24206e-01
 4.37222e-01
 1.26104e+00
 1.33884e+00
 9.93753e-01
 1.15545e+00
 5.66670e-01
 8.17750e-01
 1.73175e-01
 3.66026e-01
 1.32317e+00
 1.23361e+00
 1.12936e+00
 9.63692e-01
 8.36617e-01
 7.01698e-01
 4.41152e-01
 2.31088e-01
 4.42226e-01
 4.38652e-01
 2.88609e-01
 4.23141e-01
 2.24907e-01
 2.72440e-01
 7.39320e-02
 1.56252e-01
 1.81632e-01
 1.55255e-01
 3.68252e-01
 6.14163e-01
 3.63561e-01
 2.59855e-01
 5.34988e-01
 4.61553e-01
 7.98863e-01
 9.98758e-01
 7.69367e-01
 6.66082e-01
 9.76086e-01
 8.91094e-01
 1.14042e+00
 1.27064e+00
 1.12374e+00
 1.05080e+00
 1.25283e+00
 1.20416e+00
 1.33154e+00
 1.36686e+00
 1.32349e+00
 1.29257e+00
 1.35234e+00
 1.34973e+00
 1.23201e-01
 2.09590e-01
 3.75709e-01
 4.65464e-01
 5.49240e-01
 6.87777e-01
 7.97711e-01
 8.96730e-01
 9.82238e-01
 1.07107e+00
 1.14257e+00
 1.20737e+00
 1.25453e+00
 1.30191e+00
 1.32790e+00
 1.34792e+00
 1.34889e+00
 1.33321e+00
 1.26870e+00
 1.33213e+00
 1.35033e+00
 1.25574e+00
 1.30024e+00
 1.14242e+00
 9.94406e-01
 1.14697e+00
 1.21227e+00
 9.79802e-01
 1.06366e+00
 8.03458e-01
 6.18040e-01
 7.81589e-01
 9.01437e-01
 5.26793e-01
 6.65798e-01
 3.53547e-01
 1.75181e-01
 3.42508e-01
 4.47121e-01
 1.21661e-01
 2.02504e-01
 1.34641e+00
 1.32329e+00
 1.29553e+00
 1.24916e+00
 1.19765e+00
 1.12845e+00
 1.05661e+00
 9.71177e-01
 8.80231e-01
 7.80331e-01
 6.72163e-01
 5.33534e-01
 4.48147e-01
 3.61022e-01
 2.08241e-01
 1.51406e-01
 1.49161e-01
 3.69332e-01
 2.10882e-01
 5.43578e-01
 4.60138e-01
 7.93257e-01
 6.85115e-01
 9.98684e-01
 8.96217e-01
 1.14314e+00
 1.08490e+00
 1.25289e+00
 1.20631e+00
 1.32597e+00
 1.30082e+00
 1.35174e+00
 1.34440e+00
 7.34800e-02
 1.84148e-01
 1.95955e-01
 3.55756e-01
 4.02975e-01
 4.65170e-01
 5.46991e-01
 6.41887e-01
 6.70122e-01
 7.69100e-01
 8.09206e-01
 8.89158e-01
 9.73421e-01
 9.98188e-01
 1.04517e+00
 1.12012e+00
 1.13749e+00
 1.20359e+00
 1.25342e+00
 1.26911e+00
 1.29278e+00
 1.32379e+00
 1.33191e+00
 1.35127e+00
 1.35382e+00
 1.36803e+00
 1.32802e+00
 1.34916e+00
 1.26374e+00
 1.30493e+00
 1.14363e+00
 1.20725e+00
 9.97989e-01
 1.08516e+00
 7.94394e-01
 8.90222e-01
 5.64171e-01
 7.00855e-01
 3.70322e-01
 4.62509e-01
 1.49656e-01
 2.13789e-01
 1.35142e+00
 1.33357e+00
 1.33463e+00
 1.30062e+00
 1.25277e+00
 1.26862e+00
 1.19979e+00
 1.11817e+00
 1.13167e+00
 1.03948e+00
 9.67407e-01
 9.87678e-01
 8.93526e-01
 7.77433e-01
 8.00886e-01
 6.56422e-01
 5.22861e-01
 6.27219e-01
 4.42146e-01
 3.43516e-01
 3.64379e-01
 2.05158e-01
 1.27534e-01
 1.97019e-01
 1.49880e-01
 2.90300e-01
 3.91263e-01
 4.69080e-01
 5.82921e-01
 7.02128e-01
 8.08508e-01
 8.93370e-01
 9.85444e-01
 1.07736e+00
 1.15245e+00
 1.20470e+00
 1.26095e+00
 1.30449e+00
 1.33535e+00
 1.34646e+00
 1.35750e+00
 1.34456e+00
 1.32598e+00
 1.29375e+00
 1.25772e+00
 1.18961e+00
 1.12482e+00
 1.05438e+00
 9.77370e-01
 8.64300e-01
 7.80198e-01
 6.94001e-01
 5.71513e-01
 4.51755e-01
 3.73163e-01
 2.70244e-01
 1.36606e-01
 1.33390e-01
 2.73369e-01
 3.82844e-01
 4.64896e-01
 5.83429e-01
 7.01673e-01
 8.06607e-01
 8.88953e-01
 9.68789e-01
 1.06441e+00
 1.15165e+00
 1.20410e+00
 1.26048e+00
 1.30452e+00
 1.33575e+00
 1.34996e+00
 1.35770e+00
 1.34614e+00
 1.32925e+00
 1.29158e+00
 1.25097e+00
 1.20051e+00
 1.15040e+00
 1.06305e+00
 9.63779e-01
 8.62537e-01
 7.85754e-01
 6.74224e-01
 5.52728e-01
 4.56318e-01
 3.79534e-01
 2.74643e-01
 1.39099e-01
 1.27171e+00
 1.26016e+00
 1.26965e+00
 1.26569e+00
 0.00000e+00
 0.00000e+00
 0.00000e+00
 0.00000e+00
 0.00000e+00
 0.00000e+00
 0.00000e+00
 0.00000e+00
 0.00000e+00
 0.00000e+00
 0.00000e+00
 0.00000e+00
 0.00000e+00
 0.00000e+00
 0.00000e+00
 0.00000e+00
 0.00000e+00
 0.00000e+00
 0.00000e+00
 0.00000e+00
 0.00000e+00
 0.00000e+00
 0.00000e+00
 0.00000e+00
 0.00000e+00
 0.00000e+00
 0.00000e+00
 0.00000e+00
 0.00000e+00
 0.00000e+00
 0.00000e+00
 0.00000e+00
 0.00000e+00
 0.00000e+00
 0.00000e+00
 0.00000e+00
 0.00000e+00
 0.00000e+00
 0.00000e+00
 0.00000e+00
 0.00000e+00
 0.00000e+00
 0.00000e+00
 0.00000e+00
 0.00000e+00
 0.00000e+00
 0.00000e+00
 0.00000e+00
 0.00000e+00
 0.00000e+00
 0.00000e+00
 0.00000e+00
 0.00000e+00
 0.00000e+00
 0.00000e+00
 0.00000e+00
 0.00000e+00
 0.00000e+00
 0.00000e+00
 0.00000e+00
 0.00000e+00
 0.00000e+00
 0.00000e+00
 0.00000e+00
 0.00000e+00
 0.00000e+00
 0.00000e+00
 0.00000e+00
 0.00000e+00
 0.00000e+00
 0.00000e+00
 0.00000e+00
 0.00000e+00
 0.00000e+00
 0.00000e+00
 0.00000e+00
 0.00000e+00
 0.00000e+00
 0.00000e+00
 0.00000e+00
 0.00000e+00
 0.00000e+00
 0.00000e+00
 0.00000e+00
 0.00000e+00
 0.00000e+00
 0.00000e+00
 0.00000e+00
 0.00000e+00
 0.00000e+00
 0.00000e+00
 0.00000e+00
 0.00000e+00
 0.00000e+00
 0.00000e+00
 0.00000e+00
 0.00000e+00
 0.00000e+00
 0.00000e+00
 0.00000e+00
 0.00000e+00
 0.00000e+00
 0.00000e+00
 0.00000e+00
 0.00000e+00
 0.00000e+00
 0.00000e+00
 0.00000e+00
 0.00000e+00
 0.00000e+00
 0.00000e+00
 0.00000e+00
 0.00000e+00
 0.00000e+00
 0.00000e+00
 0.00000e+00
 0.00000e+00
 0.00000e+00
 0.00000e+00
 0.00000e+00
 0.00000e+00
 0.00000e+00
 0.00000e+00
 0.00000e+00
 0.00000e+00
 0.00000e+00
 0.00000e+00
 0.00000e+00
 0.00000e+00
 0.00000e+00
 0.00000e+00
 0.00000e+00
 0.00000e+00
 0.00000e+00
 0.00000e+00
 0.00000e+00
 0.00000e+00
 0.00000e+00
 0.00000e+00
 0.00000e+00
 0.00000e+00
 0.00000e+00
 0.00000e+00
 0.00000e+00
 0.00000e+00
 0.00000e+00
 0.00000e+00
 0.00000e+00
 0.00000e+00
 0.00000e+00
 0.00000e+00
 0.00000e+00
 0.00000e+00
 0.00000e+00
 0.00000e+00
 0.00000e+00
 0.00000e+00
 0.00000e+00
 0.00000e+00
 0.00000e+00
 0.00000e+00
 0.00000e+00
 0.00000e+00
 0.00000e+00
 0.00000e+00
 0.00000e+00
 0.00000e+00
 0.00000e+00
 0.00000e+00
 0.00000e+00
 0.00000e+00
 0.00000e+00
 0.00000e+00
 0.00000e+00
 0.00000e+00
 0.00000e+00
 0.00000e+00
 0.00000e+00
 0.00000e+00
 0.00000e+00
 0.00000e+00
 0.00000e+00
 0.00000e+00
 0.00000e+00
 0.00000e+00
 0.00000e+00
 0.00000e+00
 0.00000e+00
 0.00000e+00
 0.00000e+00
 0.00000e+00
 0.00000e+00
 0.00000e+00
 0.00000e+00
 0.00000e+00
 0.00000e+00
-7.49000e-03
 7.16500e-03
 2.79480e-02
 2.82800e-02
 4.67360e-02
 6.03940e-02
 4.76790e-02
 3.40650e-02
-1.22000e-03
-3.67400e-02
-5.04300e-02
-6.29600e-02
-4.73310e-02
-2.62700e-02
-2.49990e-02
 2.40300e-03
 7.96200e-03
 0.00000e+00
 0.00000e+00
 0.00000e+00
 0.00000e+00
 0.00000e+00
 0.00000e+00
 0.00000e+00
 0.00000e+00
 0.00000e+00
 0.00000e+00
 0.00000e+00
 0.00000e+00
 0.00000e+00
 0.00000e+00
 0.00000e+00
 0.00000e+00
 0.00000e+00
 0.00000e+00
 9.73100e-03
-2.18810e-02
-2.38400e-02
-3.01300e-02
-4.66290e-02
-6.16000e-02
-4.81580e-02
-3.50600e-02
 3.20000e-04
 3.68280e-02
 4.96750e-02
 6.20060e-02
 4.98610e-02
 2.65300e-02
 2.53950e-02
-1.51400e-03
-7.86000e-03
 6.06440e-02
 5.85780e-02
 5.55910e-02
 6.18740e-02
 5.74250e-02
 5.08550e-02
-6.03000e-02
-5.66600e-02
-5.02590e-02
-6.15900e-02
-5.80400e-02
-5.18400e-02
 3.66670e-02
 4.40060e-02
 3.54450e-02
 4.29410e-02
-3.76200e-02
-4.31900e-02
-3.37320e-02
-4.23690e-02
 1.21000e-03
 4.28960e-02
 5.65020e-02
 5.55170e-02
 5.08670e-02
 2.60000e-04
 5.57430e-02
 5.58630e-02
 4.19360e-02
-1.19000e-03
-5.10600e-02
-5.52600e-02
-5.56790e-02
-4.15800e-02
-4.37110e-02
-5.75690e-02
-5.69400e-02
 7.55900e-03
 2.65820e-02
 9.80900e-03
-5.39400e-03
 2.85760e-02
 6.56500e-03
-9.07200e-03
 2.87060e-02
 3.02590e-02
 3.69330e-02
 3.38680e-02
 3.83280e-02
 3.69740e-02
 6.14100e-02
 6.18860e-02
 5.68160e-02
 5.73590e-02
 5.34580e-02
 5.65200e-03
-7.14400e-03
 2.84510e-02
 9.00500e-03
 1.70250e-02
 2.29580e-02
 3.68680e-02
 3.77830e-02
 2.75790e-02
 3.07230e-02
 5.75550e-02
 5.73000e-02
 6.22620e-02
 6.18620e-02
-6.09890e-02
-5.67400e-02
-6.15810e-02
-5.37210e-02
-5.74610e-02
-2.94400e-02
-2.61610e-02
-3.17000e-02
-3.63310e-02
-2.64610e-02
-3.65690e-02
-3.75190e-02
-2.75400e-02
-4.62000e-03
 7.56000e-03
-8.41900e-03
 1.00600e-02
-4.97100e-03
-5.77410e-02
-5.81020e-02
-6.23490e-02
-6.28490e-02
-3.70310e-02
-3.69600e-02
-2.76800e-02
-3.25010e-02
-3.06490e-02
-2.62700e-02
 6.22900e-03
-5.57000e-03
-6.80900e-03
-8.87700e-03
-1.20900e-02
-2.87000e-03
-1.83800e-02
-7.71000e-03
-1.66600e-02
-8.33000e-03
-1.94600e-02
-6.87000e-03
-2.38700e-02
 3.30980e-02
 3.92520e-02
 3.75120e-02
 4.13810e-02
 4.13870e-02
 4.24480e-02
 4.25000e-02
 4.25200e-02
 4.31710e-02
 6.10160e-02
 6.00150e-02
 5.68080e-02
 5.60390e-02
 5.42080e-02
 5.43930e-02
 5.30140e-02
 5.31080e-02
 5.20490e-02
-7.03000e-03
-2.08800e-02
-6.15000e-03
-2.29800e-02
-6.62000e-03
-2.05300e-02
-9.03000e-03
 1.45500e-03
 4.29700e-02
 4.34730e-02
 4.19540e-02
 4.28670e-02
 3.83830e-02
 4.21740e-02
 3.15340e-02
 3.76180e-02
 5.31810e-02
 5.32360e-02
 5.47760e-02
 5.44750e-02
 5.62480e-02
 5.67340e-02
 6.02010e-02
 6.08840e-02
-6.06810e-02
-5.64800e-02
-5.97590e-02
-5.41190e-02
-5.58110e-02
-5.31290e-02
-5.44300e-02
-5.23000e-02
-5.32920e-02
-3.54500e-02
-3.74510e-02
-3.81010e-02
-4.19900e-02
-4.15590e-02
-4.24900e-02
-4.22900e-02
-4.29000e-02
-4.20710e-02
-2.54100e-03
 1.53310e-02
 7.24100e-03
 1.51600e-02
 1.00710e-02
 1.95930e-02
 9.07100e-03
 2.36700e-02
 7.01900e-03
-5.35910e-02
-5.35600e-02
-5.49410e-02
-5.50710e-02
-5.75510e-02
-5.68000e-02
-6.19700e-02
-6.09820e-02
-4.30820e-02
-4.26900e-02
-4.29590e-02
-4.23180e-02
-4.29290e-02
-3.89690e-02
-3.81510e-02
-3.61310e-02
 1.95770e-02
 7.27800e-03
 1.64530e-02
 8.51000e-03
 1.85200e-02
 7.72900e-03
 1.25200e-02
 3.30700e-03
 4.27040e-02
 4.75070e-02
 4.61330e-02
 4.37960e-02
 5.05900e-02
 4.97080e-02
 4.78730e-02
 4.96350e-02
 4.57860e-02
 4.53150e-02
 4.89650e-02
 4.79990e-02
 4.82060e-02
 4.85530e-02
 4.61620e-02
 4.58490e-02
 4.86010e-02
 4.80640e-02
 4.80440e-02
 4.83040e-02
 4.62250e-02
 4.58450e-02
 4.82890e-02
 4.78850e-02
 4.78970e-02
 4.80990e-02
 5.86800e-02
 5.58010e-02
 5.54450e-02
 5.42440e-02
 5.35610e-02
 5.34820e-02
 5.33050e-02
 5.26540e-02
 5.23420e-02
 5.20550e-02
 5.20390e-02
 5.15410e-02
 5.13640e-02
 5.10730e-02
 5.11610e-02
 5.08610e-02
 5.08030e-02
 4.64210e-02
 4.62120e-02
 4.84140e-02
 4.78500e-02
 4.83070e-02
 4.84400e-02
 4.64870e-02
 4.56230e-02
 4.88350e-02
 4.82620e-02
 4.83330e-02
 4.87200e-02
 4.58400e-02
 4.33360e-02
 4.92590e-02
 4.82350e-02
 4.75280e-02
 4.79130e-02
 4.57520e-02
 4.21780e-02
 5.03630e-02
 4.93110e-02
 4.67170e-02
 4.99610e-02
 5.08760e-02
 5.12860e-02
 5.13230e-02
 5.15960e-02
 5.17840e-02
 5.23650e-02
 5.23870e-02
 5.25350e-02
 5.28200e-02
 5.35660e-02
 5.36130e-02
 5.33470e-02
 5.40340e-02
 5.55170e-02
 5.64370e-02
 5.93240e-02
-5.86400e-02
-5.52780e-02
-5.60110e-02
-5.32510e-02
-5.39710e-02
-5.31100e-02
-5.32100e-02
-5.17900e-02
-5.23800e-02
-5.21690e-02
-5.23110e-02
-5.14600e-02
-5.16400e-02
-5.13800e-02
-5.12110e-02
-5.07510e-02
-5.13120e-02
-4.68010e-02
-4.22490e-02
-4.87200e-02
-5.01780e-02
-4.55710e-02
-4.93390e-02
-4.74890e-02
-4.35320e-02
-4.77810e-02
-4.87310e-02
-4.57400e-02
-4.84200e-02
-4.80810e-02
-4.53420e-02
-4.80710e-02
-4.86790e-02
-4.62110e-02
-4.84300e-02
-4.81300e-02
-4.58390e-02
-4.79480e-02
-4.83400e-02
-4.61590e-02
-4.81800e-02
-4.78900e-02
-4.57000e-02
-5.16200e-02
-5.10500e-02
-5.15900e-02
-5.18490e-02
-5.27800e-02
-5.20800e-02
-5.25800e-02
-5.30090e-02
-5.42600e-02
-5.32900e-02
-5.37510e-02
-5.46920e-02
-5.64010e-02
-5.48290e-02
-5.99410e-02
-5.73380e-02
-4.78400e-02
-4.84900e-02
-4.63290e-02
-4.86390e-02
-4.85800e-02
-4.62710e-02
-4.88890e-02
-4.93300e-02
-4.67890e-02
-4.88000e-02
-4.86790e-02
-4.60790e-02
-4.88090e-02
-5.01310e-02
-4.66810e-02
-4.88900e-02
-4.82500e-02
-4.44200e-02
-4.99090e-02
-5.12480e-02
-4.62710e-02
-5.09090e-02
-4.73500e-02
-4.12000e-02
 5.17840e-02
 5.28290e-02
 5.30260e-02
 5.20470e-02
 5.07930e-02
 5.05450e-02
 5.11990e-02
 5.07210e-02
 5.03080e-02
 4.99200e-02
 5.03380e-02
 4.99990e-02
 4.96780e-02
 4.93700e-02
 4.97550e-02
 4.95510e-02
 4.93820e-02
 4.93200e-02
 4.99330e-02
 4.99320e-02
 4.99390e-02
 4.99280e-02
 5.06810e-02
 5.05940e-02
 5.04990e-02
 5.05550e-02
 5.17910e-02
 5.06920e-02
 5.06180e-02
 5.17540e-02
 5.29000e-02
 5.31660e-02
 5.33670e-02
-5.27280e-02
-5.27490e-02
-5.27900e-02
-5.17400e-02
-5.04800e-02
-5.02800e-02
-5.09820e-02
-5.04610e-02
-4.98910e-02
-5.02300e-02
-5.05010e-02
-5.01220e-02
-4.97910e-02
-4.94690e-02
-4.99610e-02
-4.99000e-02
-4.92810e-02
-4.93910e-02
-5.02090e-02
-5.04700e-02
-5.01010e-02
-5.05480e-02
-5.10810e-02
-5.09420e-02
-5.05690e-02
-5.10810e-02
-5.26010e-02
-5.19190e-02
-5.08500e-02
-5.23900e-02
-5.37610e-02
-5.41000e-02
-5.43100e-02
 3.25060e-02
 3.28880e-02
-3.17100e-02
-3.36400e-02
 0.00000e+00
 0.00000e+00
 0.00000e+00
 0.00000e+00
 0.00000e+00
 0.00000e+00
 0.00000e+00
 0.00000e+00
 0.00000e+00
 0.00000e+00
 0.00000e+00
 0.00000e+00
 0.00000e+00
 0.00000e+00
 0.00000e+00
 0.00000e+00
 0.00000e+00
 0.00000e+00
 0.00000e+00
 0.00000e+00
 0.00000e+00
 0.00000e+00
 0.00000e+00
 0.00000e+00
 0.00000e+00
 0.00000e+00
 0.00000e+00
 0.00000e+00
 0.00000e+00
 0.00000e+00
 0.00000e+00
 0.00000e+00
 0.00000e+00
 0.00000e+00
 0.00000e+00
 0.00000e+00
 0.00000e+00
 0.00000e+00
 0.00000e+00
 0.00000e+00
 0.00000e+00
 0.00000e+00
 0.00000e+00
 0.00000e+00
 0.00000e+00
 0.00000e+00
 0.00000e+00
 0.00000e+00
 0.00000e+00
 0.00000e+00
 0.00000e+00
 0.00000e+00
 0.00000e+00
 0.00000e+00
 0.00000e+00
 0.00000e+00
 0.00000e+00
 0.00000e+00
 0.00000e+00
 0.00000e+00
 0.00000e+00
 0.00000e+00
 0.00000e+00
 0.00000e+00
 0.00000e+00
 0.00000e+00
 0.00000e+00
 0.00000e+00
 0.00000e+00
 0.00000e+00
 0.00000e+00
 0.00000e+00
 0.00000e+00
 0.00000e+00
 0.00000e+00
 0.00000e+00
 0.00000e+00
 0.00000e+00
 0.00000e+00
 0.00000e+00
 0.00000e+00
 0.00000e+00
 0.00000e+00
 0.00000e+00
 0.00000e+00
 0.00000e+00
 0.00000e+00
 0.00000e+00
 0.00000e+00
 0.00000e+00
 0.00000e+00
 0.00000e+00
 0.00000e+00
 0.00000e+00
 0.00000e+00
 0.00000e+00
 0.00000e+00
 0.00000e+00
 0.00000e+00
 0.00000e+00
 0.00000e+00
 0.00000e+00
 0.00000e+00
 0.00000e+00
 0.00000e+00
 0.00000e+00
 0.00000e+00
 0.00000e+00
 0.00000e+00
 0.00000e+00
 0.00000e+00
 0.00000e+00
 0.00000e+00
 0.00000e+00
 0.00000e+00
 0.00000e+00
 0.00000e+00
 0.00000e+00
 0.00000e+00
 0.00000e+00
 0.00000e+00
 0.00000e+00
 0.00000e+00
 0.00000e+00
 0.00000e+00
 0.00000e+00
 0.00000e+00
 0.00000e+00
 0.00000e+00
 0.00000e+00
 0.00000e+00
 0.00000e+00
 0.00000e+00
 0.00000e+00
 0.00000e+00
 0.00000e+00
 0.00000e+00
 0.00000e+00
 0.00000e+00
 0.00000e+00
 0.00000e+00
 0.00000e+00
 0.00000e+00
 0.00000e+00
 0.00000e+00
 0.00000e+00
 0.00000e+00
 0.00000e+00
 0.00000e+00
 0.00000e+00
 0.00000e+00
 0.00000e+00
 0.00000e+00
 0.00000e+00
 0.00000e+00
 0.00000e+00
 0.00000e+00
 0.00000e+00
 0.00000e+00
 0.00000e+00
 0.00000e+00
 0.00000e+00
 0.00000e+00
 0.00000e+00
 0.00000e+00
 0.00000e+00
 0.00000e+00
 0.00000e+00
 0.00000e+00
 0.00000e+00
 0.00000e+00
 0.00000e+00
 0.00000e+00
 0.00000e+00
 0.00000e+00
 0.00000e+00
 0.00000e+00
 0.00000e+00
 0.00000e+00
 0.00000e+00
 0.00000e+00
 0.00000e+00
 0.00000e+00
 0.00000e+00
 0.00000e+00
 0.00000e+00
 0.00000e+00
 0.00000e+00
 0.00000e+00
 0.00000e+00
 0.00000e+00
 0.00000e+00
 0.00000e+00
 0.00000e+00
 0.00000e+00
 0.00000e+00
 5.49924e-01
 9.43663e-01
 1.20103e+00
 1.30706e+00
 1.37094e+00
 1.34435e+00
 1.33259e+00
 1.40153e+00
 1.20571e+00
 1.40358e+00
 1.33859e+00
 1.35976e+00
 1.37083e+00
 1.28421e+00
 1.10334e+00
 8.11597e-01
 4.11260e-01
 0.00000e+00
 0.00000e+00
 0.00000e+00
 0.00000e+00
 0.00000e+00
 0.00000e+00
 0.00000e+00
 0.00000e+00
 0.00000e+00
 0.00000e+00
 0.00000e+00
 0.00000e+00
 0.00000e+00
 0.00000e+00
 0.00000e+00
 0.00000e+00
 0.00000e+00
 0.00000e+00
-5.68569e-01
-1.02108e+00
-1.24789e+00
-1.31896e+00
-1.37712e+00
-1.36176e+00
-1.33683e+00
-1.40468e+00
-1.20696e+00
-1.40372e+00
-1.33925e+00
-1.36048e+00
-1.37654e+00
-1.30795e+00
-1.12219e+00
-8.34800e-01
-4.27493e-01
-1.36694e+00
-1.37314e+00
-1.38462e+00
 1.37206e+00
 1.38203e+00
 1.38049e+00
-1.36897e+00
-1.38316e+00
-1.38335e+00
 1.36586e+00
 1.38160e+00
 1.38169e+00
-1.35964e+00
-1.37215e+00
 1.37577e+00
 1.37038e+00
-1.36083e+00
-1.37544e+00
 1.34494e+00
 1.37106e+00
-1.09672e+00
-1.16111e+00
-1.26254e+00
-8.66263e-01
 2.60630e-02
 1.38630e-02
 8.97594e-01
 1.26227e+00
 1.16533e+00
 1.09853e+00
 8.43000e-04
-8.85252e-01
-1.26699e+00
-1.15955e+00
 1.16579e+00
 1.26426e+00
 8.79061e-01
-9.05522e-01
-1.15188e+00
-7.98347e-01
-5.17234e-01
-7.79238e-01
-3.05801e-01
 6.45500e-03
 1.10360e-02
-1.25902e+00
-8.61826e-01
-1.14949e+00
 9.24100e-03
-4.67480e-01
-1.31093e+00
-1.19783e+00
-8.97948e-01
-4.83078e-01
 1.59980e-02
 3.24289e-01
 5.29437e-01
 8.00089e-01
 8.20046e-01
 9.99533e-01
 1.09297e+00
 9.38707e-01
 5.00549e-01
 1.26457e+00
 1.19977e+00
 5.14519e-01
 9.19288e-01
 1.21698e+00
 1.34146e+00
-1.31381e+00
-9.08590e-01
-1.20315e+00
-8.94000e-04
-4.98101e-01
-1.28471e+00
-1.11642e+00
-1.15444e+00
-9.18140e-01
-7.78044e-01
-4.84365e-01
 5.88300e-03
 6.45100e-03
-8.56446e-01
-5.00341e-01
-7.64502e-01
 2.13200e-03
-3.04992e-01
 9.05016e-01
 4.95697e-01
 1.31154e+00
 1.19981e+00
 5.00561e-01
 9.35101e-01
 7.94947e-01
 1.16451e+00
 1.29647e+00
 1.13840e+00
 5.12392e-01
 3.11651e-01
 8.86027e-01
 7.84976e-01
-5.78367e-01
-5.00409e-01
-4.53271e-01
-3.62719e-01
-2.46982e-01
-2.44275e-01
-1.73568e-01
-8.23880e-02
 1.21100e-03
-1.32439e+00
-1.18649e+00
-1.31563e+00
-8.96694e-01
-1.06979e+00
-4.81853e-01
-7.13130e-01
 5.80800e-03
-2.45711e-01
-1.35834e+00
-1.33845e+00
-1.25366e+00
-1.10404e+00
-9.30405e-01
-7.27740e-01
-4.96932e-01
-2.48583e-01
 8.74800e-03
 8.49900e-02
 1.74990e-01
 2.48063e-01
 3.03704e-01
 3.73816e-01
 4.30734e-01
 4.35654e-01
 7.46632e-01
 4.99544e-01
 2.60528e-01
 9.20974e-01
 7.38271e-01
 1.15954e+00
 1.06355e+00
 1.32183e+00
 1.31471e+00
 2.67772e-01
 5.14153e-01
 7.44837e-01
 9.43500e-01
 1.11498e+00
 1.25953e+00
 1.34093e+00
 1.35910e+00
-1.36038e+00
-1.25758e+00
-1.33870e+00
-9.31401e-01
-1.10843e+00
-5.06218e-01
-7.31523e-01
-9.64800e-03
-2.63072e-01
-1.33673e+00
-1.29027e+00
-1.13538e+00
-1.05243e+00
-9.07317e-01
-7.28655e-01
-4.89928e-01
-2.52206e-01
 3.82800e-03
-7.27661e-01
-3.68376e-01
-5.04981e-01
-2.44838e-01
-3.66284e-01
-1.71437e-01
-2.39893e-01
 4.79000e-04
-8.21560e-02
 4.96149e-01
 2.50256e-01
 9.29668e-01
 7.28066e-01
 1.25300e+00
 1.10381e+00
 1.35723e+00
 1.33605e+00
 2.58074e-01
 4.99663e-01
 7.41513e-01
 9.26688e-01
 1.06579e+00
 1.14317e+00
 1.28506e+00
 1.32090e+00
 1.73027e-01
 8.28500e-02
 2.42203e-01
 2.42201e-01
 4.39714e-01
 3.55323e-01
 5.65537e-01
 4.88115e-01
-1.36346e+00
-1.36916e+00
-1.32654e+00
-1.23697e+00
-1.32459e+00
-1.35116e+00
-1.26084e+00
-1.29244e+00
-1.11283e+00
-9.43471e-01
-1.12855e+00
-1.19608e+00
-9.48156e-01
-1.03660e+00
-7.44296e-01
-5.10786e-01
-7.62900e-01
-8.65833e-01
-5.15682e-01
-6.31451e-01
-2.65232e-01
-7.20000e-05
-2.84321e-01
-4.10566e-01
-5.80200e-03
-1.32289e-01
-1.37406e+00
-1.36386e+00
-1.32209e+00
-1.28852e+00
-1.25302e+00
-1.18450e+00
-1.10502e+00
-1.02766e+00
-9.37141e-01
-8.38771e-01
-7.28893e-01
-6.20170e-01
-5.02720e-01
-3.77215e-01
-2.47805e-01
-1.21394e-01
 6.06300e-03
 2.54617e-01
 5.14098e-01
 2.37081e-01
 1.06612e-01
 5.06459e-01
 3.87763e-01
 7.38335e-01
 9.44106e-01
 7.24431e-01
 6.09595e-01
 9.42896e-01
 8.49962e-01
 1.10753e+00
 1.22974e+00
 1.11936e+00
 1.02394e+00
 1.26186e+00
 1.19438e+00
 1.33011e+00
 1.36239e+00
 1.32914e+00
 1.29590e+00
 1.37078e+00
 1.36312e+00
 1.40669e-01
 2.70609e-01
 3.96115e-01
 5.14937e-01
 6.38721e-01
 7.49691e-01
 8.55268e-01
 9.47522e-01
 1.04073e+00
 1.11710e+00
 1.19141e+00
 1.25908e+00
 1.29456e+00
 1.32688e+00
 1.36549e+00
 1.37346e+00
-1.37251e+00
-1.32575e+00
-1.36573e+00
-1.25719e+00
-1.29221e+00
-1.11017e+00
-1.18763e+00
-9.24355e-01
-1.03047e+00
-7.29921e-01
-8.19450e-01
-5.10408e-01
-6.24646e-01
-2.64145e-01
-3.85299e-01
-2.79440e-02
-1.54822e-01
-1.37744e+00
-1.36854e+00
-1.36668e+00
-1.32805e+00
-1.31660e+00
-1.29161e+00
-1.25621e+00
-1.21669e+00
-1.19392e+00
-1.12946e+00
-1.10594e+00
-1.03897e+00
-9.52097e-01
-9.42876e-01
-8.74383e-01
-7.70964e-01
-7.50265e-01
-6.35583e-01
-5.17918e-01
-5.18013e-01
-4.14871e-01
-2.88690e-01
-2.70015e-01
-1.30421e-01
-1.02600e-03
-3.10400e-03
 2.53031e-01
 1.29422e-01
 4.84929e-01
 3.61712e-01
 7.27727e-01
 6.21586e-01
 9.23475e-01
 8.17421e-01
 1.10842e+00
 1.03393e+00
 1.24784e+00
 1.17439e+00
 1.32436e+00
 1.29092e+00
 1.37018e+00
 1.36413e+00
 1.08439e-01
 2.34990e-01
 2.52584e-01
 3.91389e-01
 5.17718e-01
 5.18520e-01
 6.39502e-01
 7.71738e-01
 7.56888e-01
 8.79360e-01
 9.57479e-01
 9.52280e-01
 1.03273e+00
 1.12433e+00
 1.11119e+00
 1.20087e+00
 1.26601e+00
 1.22372e+00
 1.29930e+00
 1.32979e+00
 1.33062e+00
 1.36409e+00
 1.37081e+00
 1.36059e+00
-1.37086e+00
-1.34577e+00
-1.31554e+00
-1.28998e+00
-1.24210e+00
-1.17294e+00
-1.10361e+00
-1.02867e+00
-9.45981e-01
-8.29595e-01
-7.23129e-01
-6.21505e-01
-5.09688e-01
-3.65223e-01
-2.37326e-01
-1.22472e-01
 2.73100e-03
 1.54044e-01
 2.84482e-01
 3.95700e-01
 5.15941e-01
 6.51679e-01
 7.64768e-01
 8.55510e-01
 9.52912e-01
 1.05434e+00
 1.12132e+00
 1.17635e+00
 1.24576e+00
 1.29510e+00
 1.32026e+00
 1.34983e+00
 1.37317e+00
-1.37524e+00
-1.35082e+00
-1.31920e+00
-1.29284e+00
-1.24273e+00
-1.17419e+00
-1.10636e+00
-1.03426e+00
-9.62745e-01
-8.50370e-01
-7.26484e-01
-6.25536e-01
-5.14528e-01
-3.71279e-01
-2.45488e-01
-1.09201e-01
 1.70510e-02
 1.52986e-01
 2.77041e-01
 4.09558e-01
 5.31269e-01
 6.30747e-01
 7.26569e-01
 8.50677e-01
 9.67257e-01
 1.05766e+00
 1.11925e+00
 1.19131e+00
 1.25486e+00
 1.29504e+00
 1.31956e+00
 1.34969e+00
 1.37332e+00
-4.88925e-01
 5.16748e-01
-4.97322e-01
 5.08598e-01
END TIME STEP
BEGIN TIME STEP
displacement
part
         1
coordinates
 0.00000e+00
 0.00000e+00
 0.00000e+00
 0.00000e+00
 0.00000e+00
 0.00000e+00
 0.00000e+00
 0.00000e+00
 0.00000e+00
 0.00000e+00
 0.00000e+00
 0.00000e+00
 0.00000e+00
 0.00000e+00
 0.00000e+00
 0.00000e+00
 0.00000e+00
 0.00000e+00
 0.00000e+00
 0.00000e+00
 0.00000e+00
 0.00000e+00
 0.00000e+00
 0.00000e+00
 0.00000e+00
 0.00000e+00
 0.00000e+00
 0.00000e+00
 0.00000e+00
 0.00000e+00
 0.00000e+00
 0.00000e+00
 0.00000e+00
 0.00000e+00
 0.00000e+00
 0.00000e+00
 0.00000e+00
 0.00000e+00
 0.00000e+00
 0.00000e+00
 0.00000e+00
 0.00000e+00
 0.00000e+00
 0.00000e+00
 0.00000e+00
 0.00000e+00
 0.00000e+00
 0.00000e+00
 0.00000e+00
 0.00000e+00
 0.00000e+00
 0.00000e+00
 0.00000e+00
 0.00000e+00
 0.00000e+00
 0.00000e+00
 0.00000e+00
 0.00000e+00
 0.00000e+00
 0.00000e+00
 0.00000e+00
 0.00000e+00
 0.00000e+00
 0.00000e+00
 0.00000e+00
 0.00000e+00
 0.00000e+00
 0.00000e+00
 0.00000e+00
 0.00000e+00
 0.00000e+00
 0.00000e+00
 0.00000e+00
 0.00000e+00
 0.00000e+00
 0.00000e+00
 0.00000e+00
 0.00000e+00
 0.00000e+00
 0.00000e+00
 0.00000e+00
 0.00000e+00
 0.00000e+00
 0.00000e+00
 0.00000e+00
 0.00000e+00
 0.00000e+00
 0.00000e+00
 0.00000e+00
 0.00000e+00
 0.00000e+00
 0.00000e+00
 0.00000e+00
 0.00000e+00
 0.00000e+00
 0.00000e+00
 0.00000e+00
 0.00000e+00
 0.00000e+00
 0.00000e+00
 0.00000e+00
 0.00000e+00
 0.00000e+00
 0.00000e+00
 0.00000e+00
 0.00000e+00
 0.00000e+00
 0.00000e+00
 0.00000e+00
 0.00000e+00
 0.00000e+00
 0.00000e+00
 0.00000e+00
 0.00000e+00
 0.00000e+00
 0.00000e+00
 0.00000e+00
 0.00000e+00
 0.00000e+00
 0.00000e+00
 0.00000e+00
 0.00000e+00
 0.00000e+00
 0.00000e+00
 0.00000e+00
 0.00000e+00
 0.00000e+00
 0.00000e+00
 0.00000e+00
 0.00000e+00
 0.00000e+00
 0.00000e+00
 0.00000e+00
 0.00000e+00
 0.00000e+00
 0.00000e+00
 0.00000e+00
 0.00000e+00
 0.00000e+00
 0.00000e+00
 0.00000e+00
 0.00000e+00
 0.00000e+00
 0.00000e+00
 0.00000e+00
 0.00000e+00
 0.00000e+00
 0.00000e+00
 0.00000e+00
 0.00000e+00
 0.00000e+00
 0.00000e+00
 0.00000e+00
 0.00000e+00
 0.00000e+00
 0.00000e+00
 0.00000e+00
 0.00000e+00
 0.00000e+00
 0.00000e+00
 0.00000e+00
 0.00000e+00
 0.00000e+00
 0.00000e+00
 0.00000e+00
 0.00000e+00
 0.00000e+00
 0.00000e+00
 0.00000e+00
 0.00000e+00
 0.00000e+00
 0.00000e+00
 0.00000e+00
 0.00000e+00
 0.00000e+00
 0.00000e+00
 0.00000e+00
 0.00000e+00
 0.00000e+00
 0.00000e+00
 0.00000e+00
 0.00000e+00
 0.00000e+00
 0.00000e+00
 0.00000e+00
 0.00000e+00
 0.00000e+00
 0.00000e+00
 0.00000e+00
 0.00000e+00
 0.00000e+00
 0.00000e+00
 0.00000e+00
 0.00000e+00
 0.00000e+00
 0.00000e+00
 0.00000e+00
 0.00000e+00
 0.00000e+00
 0.00000e+00
 0.00000e+00
 0.00000e+00
 0.00000e+00
 0.00000e+00
 0.00000e+00
 0.00000e+00
 0.00000e+00
 0.00000e+00
 0.00000e+00
 0.00000e+00
 0.00000e+00
 0.00000e+00
 0.00000e+00
 0.00000e+00
 0.00000e+00
 0.00000e+00
 0.00000e+00
 0.00000e+00
 0.00000e+00
 0.00000e+00
 0.00000e+00
 0.00000e+00
 0.00000e+00
 0.00000e+00
 0.00000e+00
 0.00000e+00
 0.00000e+00
 0.00000e+00
 0.00000e+00
 0.00000e+00
 0.00000e+00
 0.00000e+00
 0.00000e+00
 0.00000e+00
 0.00000e+00
 0.00000e+00
 0.00000e+00
 0.00000e+00
 0.00000e+00
 0.00000e+00
 0.00000e+00
 0.00000e+00
 0.00000e+00
 0.00000e+00
 0.00000e+00
 0.00000e+00
 0.00000e+00
 0.00000e+00
 0.00000e+00
 0.00000e+00
 0.00000e+00
 0.00000e+00
 0.00000e+00
 0.00000e+00
 0.00000e+00
 0.00000e+00
 0.00000e+00
 0.00000e+00
 0.00000e+00
 0.00000e+00
 0.00000e+00
 0.00000e+00
 0.00000e+00
 0.00000e+00
 0.00000e+00
 0.00000e+00
 0.00000e+00
 0.00000e+00
 1.25148e+00
 9.71552e-01
 7.24023e-01
 1.62441e+00
 2.08478e+00
 1.99053e+00
 1.58512e+00
 6.90000e-01
 9.45315e-01
 1.23798e+00
 2.08725e+00
 1.60476e+00
 7.11886e-01
 9.71536e-01
 9.58204e-01
 7.15838e-01
 1.61022e+00
 2.45548e-01
 5.74159e-01
 5.78858e-01
 7.32192e-01
 1.29591e+00
 1.03612e+00
 9.51906e-01
 1.65397e+00
 4.69728e-01
 1.37295e+00
 9.49436e-01
 1.80587e+00
 1.71762e+00
 5.08670e-01
 1.02454e+00
 1.49213e+00
 1.88999e+00
 1.97635e+00
 1.02050e+00
 7.04981e-01
 1.26405e+00
 5.14447e-01
 2.68077e-01
 5.85299e-01
 1.30274e+00
 1.70748e+00
 3.62660e-01
 8.24992e-01
 1.87423e+00
 1.46525e+00
 9.87948e-01
 4.15238e-01
 5.01259e-01
 1.48069e+00
 1.01437e+00
 1.97782e+00
 1.88414e+00
 3.88391e-01
 5.46173e-01
 8.91988e-01
 1.32078e+00
 1.26257e+00
 1.71138e+00
 1.80316e+00
 1.64241e+00
 2.81911e-01
 7.14806e-01
 5.64210e-01
 9.35356e-01
 1.01313e+00
 1.48448e+00
 1.88493e+00
 5.04462e-01
 1.01749e+00
 1.70594e+00
 1.30477e+00
 1.25842e+00
 8.89266e-01
 4.01187e-01
 5.42517e-01
 7.13215e-01
 1.01707e+00
 2.37167e-01
 5.61954e-01
 9.02570e-02
 1.89761e-01
 2.77675e-01
 3.30274e-01
 3.53442e-01
 5.15120e-01
 5.44705e-01
 5.31897e-01
 5.21751e-01
 2.51977e-01
 8.70374e-01
 5.34815e-01
 1.37727e+00
 1.15464e+00
 1.72925e+00
 1.59867e+00
 1.85162e+00
 1.84486e+00
 2.47664e-01
 5.25845e-01
 8.18157e-01
 1.18290e+00
 1.43510e+00
 1.66915e+00
 1.82165e+00
 1.93266e+00
 1.95344e+00
 5.27000e-01
 5.21227e-01
 4.50827e-01
 3.80543e-01
 3.21617e-01
 2.43379e-01
 1.30548e-01
 1.85986e-01
 1.72022e+00
 1.84120e+00
 1.35568e+00
 1.57754e+00
 9.48179e-01
 1.17560e+00
 3.52684e-01
 5.43266e-01
 1.92747e+00
 1.81210e+00
 1.65369e+00
 1.41728e+00
 1.16199e+00
 7.94680e-01
 5.04700e-01
 2.82789e-01
 2.51656e-01
 8.11994e-01
 5.28320e-01
 1.43683e+00
 1.17841e+00
 1.81904e+00
 1.66808e+00
 1.95547e+00
 1.93104e+00
 2.45039e-01
 6.09221e-01
 9.85417e-01
 1.19345e+00
 1.37169e+00
 1.58734e+00
 1.72516e+00
 1.84414e+00
 1.85104e+00
 1.20876e-01
 2.37171e-01
 1.63290e-01
 3.47769e-01
 3.64786e-01
 5.25804e-01
 5.02032e-01
 5.07575e-01
 5.19934e-01
 1.82377e+00
 1.93419e+00
 1.43760e+00
 1.66988e+00
 8.19999e-01
 1.18353e+00
 2.52561e-01
 5.30434e-01
 1.84271e+00
 1.71954e+00
 1.57468e+00
 1.34879e+00
 1.17227e+00
 9.73704e-01
 6.12869e-01
 3.20846e-01
 5.29618e-01
 5.21621e-01
 3.43615e-01
 5.05151e-01
 2.69061e-01
 3.23475e-01
 8.83250e-02
 1.85547e-01
 2.55072e-01
 2.20589e-01
 5.21382e-01
 8.62163e-01
 5.19819e-01
 3.70872e-01
 7.60485e-01
 6.58447e-01
 1.12924e+00
 1.40542e+00
 1.09703e+00
 9.47146e-01
 1.38900e+00
 1.26890e+00
 1.61241e+00
 1.78673e+00
 1.60158e+00
 1.49453e+00
 1.78178e+00
 1.71382e+00
 1.88199e+00
 1.92216e+00
 1.88551e+00
 1.83748e+00
 1.92313e+00
 1.92051e+00
 1.78115e-01
 3.02124e-01
 5.42195e-01
 6.70626e-01
 7.90662e-01
 9.89297e-01
 1.14942e+00
 1.29016e+00
 1.41415e+00
 1.53973e+00
 1.64473e+00
 1.73559e+00
 1.80526e+00
 1.87070e+00
 1.91090e+00
 1.93715e+00
 1.94057e+00
 1.88468e+00
 1.78469e+00
 1.89809e+00
 1.91959e+00
 1.78662e+00
 1.85070e+00
 1.61671e+00
 1.40235e+00
 1.63562e+00
 1.72452e+00
 1.39580e+00
 1.51561e+00
 1.13812e+00
 8.70348e-01
 1.11647e+00
 1.28397e+00
 7.49885e-01
 9.48300e-01
 5.01552e-01
 2.46787e-01
 4.90285e-01
 6.38559e-01
 1.73023e-01
 2.89596e-01
 1.93466e+00
 1.90455e+00
 1.86241e+00
 1.79810e+00
 1.72194e+00
 1.62524e+00
 1.52015e+00
 1.39910e+00
 1.26733e+00
 1.12544e+00
 9.67902e-01
 7.68391e-01
 6.45834e-01
 5.21200e-01
 3.00523e-01
 2.19194e-01
 2.15895e-01
 5.33347e-01
 3.04357e-01
 7.82916e-01
 6.63311e-01
 1.14359e+00
 9.86015e-01
 1.43634e+00
 1.28962e+00
 1.64675e+00
 1.56196e+00
 1.80363e+00
 1.73509e+00
 1.90924e+00
 1.87005e+00
 1.94309e+00
 1.93476e+00
 1.04505e-01
 2.58881e-01
 2.79580e-01
 5.09026e-01
 5.70887e-01
 6.64263e-01
 7.78166e-01
 9.02194e-01
 9.53718e-01
 1.09726e+00
 1.14468e+00
 1.26698e+00
 1.38577e+00
 1.40632e+00
 1.48737e+00
 1.59730e+00
 1.60890e+00
 1.71387e+00
 1.78324e+00
 1.78471e+00
 1.83827e+00
 1.88646e+00
 1.88252e+00
 1.92338e+00
 1.92522e+00
 1.92364e+00
 1.91203e+00
 1.93867e+00
 1.81737e+00
 1.87823e+00
 1.64750e+00
 1.73604e+00
 1.43567e+00
 1.56259e+00
 1.14577e+00
 1.28142e+00
 8.11883e-01
 1.01029e+00
 5.34918e-01
 6.66522e-01
 2.16730e-01
 3.08691e-01
 1.92111e+00
 1.90033e+00
 1.88651e+00
 1.85160e+00
 1.78263e+00
 1.78456e+00
 1.70863e+00
 1.59517e+00
 1.60151e+00
 1.48004e+00
 1.37725e+00
 1.39241e+00
 1.27232e+00
 1.11068e+00
 1.13415e+00
 9.35100e-01
 7.43902e-01
 8.82473e-01
 6.31149e-01
 4.91784e-01
 5.16251e-01
 2.93438e-01
 1.81289e-01
 2.75607e-01
 2.14694e-01
 4.16698e-01
 5.62308e-01
 6.72652e-01
 8.33661e-01
 1.00448e+00
 1.15829e+00
 1.27978e+00
 1.40935e+00
 1.54061e+00
 1.64988e+00
 1.72464e+00
 1.80227e+00
 1.86451e+00
 1.91099e+00
 1.92707e+00
 1.93994e+00
 1.92180e+00
 1.89791e+00
 1.85230e+00
 1.79831e+00
 1.70152e+00
 1.61130e+00
 1.51096e+00
 1.39902e+00
 1.23805e+00
 1.12025e+00
 9.94374e-01
 8.18157e-01
 6.48198e-01
 5.36640e-01
 3.88514e-01
 1.96396e-01
 1.91679e-01
 3.92820e-01
 5.50640e-01
 6.67110e-01
 8.34984e-01
 1.00446e+00
 1.15616e+00
 1.27371e+00
 1.38548e+00
 1.52393e+00
 1.65011e+00
 1.72473e+00
 1.80236e+00
 1.86513e+00
 1.91261e+00
 1.93399e+00
 1.93940e+00
 1.92389e+00
 1.90324e+00
 1.85095e+00
 1.78855e+00
 1.71923e+00
 1.64851e+00
 1.52241e+00
 1.37820e+00
 1.23511e+00
 1.12848e+00
 9.66654e-01
 7.90553e-01
 6.54547e-01
 5.45870e-01
 3.94960e-01
 2.00037e-01
 1.87574e+00
 1.85961e+00
 1.87305e+00
 1.86810e+00
 0.00000e+00
 0.00000e+00
 0.00000e+00
 0.00000e+00
 0.00000e+00
 0.00000e+00
 0.00000e+00
 0.00000e+00
 0.00000e+00
 0.00000e+00
 0.00000e+00
 0.00000e+00
 0.00000e+00
 0.00000e+00
 0.00000e+00
 0.00000e+00
 0.00000e+00
 0.00000e+00
 0.00000e+00
 0.00000e+00
 0.00000e+00
 0.00000e+00
 0.00000e+00
 0.00000e+00
 0.00000e+00
 0.00000e+00
 0.00000e+00
 0.00000e+00
 0.00000e+00
 0.00000e+00
 0.00000e+00
 0.00000e+00
 0.00000e+00
 0.00000e+00
 0.00000e+00
 0.00000e+00
 0.00000e+00
 0.00000e+00
 0.00000e+00
 0.00000e+00
 0.00000e+00
 0.00000e+00
 0.00000e+00
 0.00000e+00
 0.00000e+00
 0.00000e+00
 0.00000e+00
 0.00000e+00
 0.00000e+00
 0.00000e+00
 0.00000e+00
 0.00000e+00
 0.00000e+00
 0.00000e+00
 0.00000e+00
 0.00000e+00
 0.00000e+00
 0.00000e+00
 0.00000e+00
 0.00000e+00
 0.00000e+00
 0.00000e+00
 0.00000e+00
 0.00000e+00
 0.00000e+00
 0.00000e+00
 0.00000e+00
 0.00000e+00
 0.00000e+00
 0.00000e+00
 0.00000e+00
 0.00000e+00
 0.00000e+00
 0.00000e+00
 0.00000e+00
 0.00000e+00
 0.00000e+00
 0.00000e+00
 0.00000e+00
 0.00000e+00
 0.00000e+00
 0.00000e+00
 0.00000e+00
 0.00000e+00
 0.00000e+00
 0.00000e+00
 0.00000e+00
 0.00000e+00
 0.00000e+00
 0.00000e+00
 0.00000e+00
 0.00000e+00
 0.00000e+00
 0.00000e+00
 0.00000e+00
 0.00000e+00
 0.00000e+00
 0.00000e+00
 0.00000e+00
 0.00000e+00
 0.00000e+00
 0.00000e+00
 0.00000e+00
 0.00000e+00
 0.00000e+00
 0.00000e+00
 0.00000e+00
 0.00000e+00
 0.00000e+00
 0.00000e+00
 0.00000e+00
 0.00000e+00
 0.00000e+00
 0.00000e+00
 0.00000e+00
 0.00000e+00
 0.00000e+00
 0.00000e+00
 0.00000e+00
 0.00000e+00
 0.00000e+00
 0.00000e+00
 0.00000e+00
 0.00000e+00
 0.00000e+00
 0.00000e+00
 0.00000e+00
 0.00000e+00
 0.00000e+00
 0.00000e+00
 0.00000e+00
 0.00000e+00
 0.00000e+00
 0.00000e+00
 0.00000e+00
 0.00000e+00
 0.00000e+00
 0.00000e+00
 0.00000e+00
 0.00000e+00
 0.00000e+00
 0.00000e+00
 0.00000e+00
 0.00000e+00
 0.00000e+00
 0.00000e+00
 0.00000e+00
 0.00000e+00
 0.00000e+00
 0.00000e+00
 0.00000e+00
 0.00000e+00
 0.00000e+00
 0.00000e+00
 0.00000e+00
 0.00000e+00
 0.00000e+00
 0.00000e+00
 0.00000e+00
 0.00000e+00
 0.00000e+00
 0.00000e+00
 0.00000e+00
 0.00000e+00
 0.00000e+00
 0.00000e+00
 0.00000e+00
 0.00000e+00
 0.00000e+00
 0.00000e+00
 0.00000e+00
 0.00000e+00
 0.00000e+00
 0.00000e+00
 0.00000e+00
 0.00000e+00
 0.00000e+00
 0.00000e+00
 0.00000e+00
 0.00000e+00
 0.00000e+00
 0.00000e+00
 0.00000e+00
 0.00000e+00
 0.00000e+00
 0.00000e+00
 0.00000e+00
 0.00000e+00
 0.00000e+00
 0.00000e+00
 0.00000e+00
 0.00000e+00
 0.00000e+00
 0.00000e+00
 0.00000e+00
 0.00000e+00
-7.67700e-02
-1.17428e-01
-1.27619e-01
-1.35464e-01
-9.13500e-02
-8.49700e-03
 7.91500e-03
 2.16620e-02
-1.42000e-03
-2.43000e-02
-9.48000e-03
 1.11500e-02
 9.07800e-02
 1.35669e-01
 1.18519e-01
 1.09569e-01
 6.08520e-02
 0.00000e+00
 0.00000e+00
 0.00000e+00
 0.00000e+00
 0.00000e+00
 0.00000e+00
 0.00000e+00
 0.00000e+00
 0.00000e+00
 0.00000e+00
 0.00000e+00
 0.00000e+00
 0.00000e+00
 0.00000e+00
 0.00000e+00
 0.00000e+00
 0.00000e+00
 0.00000e+00
 8.21490e-02
 1.08818e-01
 1.36869e-01
 1.32290e-01
 9.14400e-02
 1.22580e-02
-8.36900e-03
-2.40300e-02
-7.70000e-04
 2.32980e-02
 8.26100e-03
-1.23090e-02
-8.25840e-02
-1.36729e-01
-1.21001e-01
-1.11889e-01
-6.27900e-02
-3.71800e-02
-5.09950e-02
-6.44110e-02
-3.39100e-02
-5.85570e-02
-7.93670e-02
 3.80690e-02
 5.94900e-02
 8.04620e-02
 3.60000e-02
 5.68390e-02
 7.72300e-02
-1.19778e-01
-1.00039e-01
-1.19582e-01
-1.01780e-01
 1.16471e-01
 1.01301e-01
 1.25398e-01
 1.04552e-01
-1.00000e-04
 1.23170e-02
-3.93800e-03
-5.19800e-03
-9.06300e-03
-6.30000e-04
-4.64500e-03
-3.03600e-03
 1.20420e-02
-1.61000e-03
 7.87900e-03
 4.26100e-03
 3.55200e-03
-1.28700e-02
-1.40210e-02
 2.59000e-03
 3.61800e-03
-1.13065e-01
-1.30868e-01
-1.07376e-01
-1.10648e-01
-1.28306e-01
-1.06817e-01
-1.13057e-01
-1.27456e-01
-1.32663e-01
-1.23877e-01
-1.28601e-01
-1.22132e-01
-1.25503e-01
-2.32630e-02
-2.71000e-02
-3.93590e-02
-3.41660e-02
-4.32080e-02
-1.07279e-01
-1.11725e-01
-1.28574e-01
-1.06781e-01
-1.15540e-01
-1.33072e-01
-1.23547e-01
-1.24794e-01
-1.35563e-01
-1.32373e-01
-3.41190e-02
-3.93020e-02
-2.75580e-02
-2.46390e-02
 2.29800e-02
 3.88390e-02
 2.68990e-02
 4.21600e-02
 3.34800e-02
 1.33930e-01
 1.26589e-01
 1.31241e-01
 1.24618e-01
 1.29009e-01
 1.26101e-01
 1.23120e-01
 1.27711e-01
 1.12892e-01
 1.10561e-01
 1.04920e-01
 1.12469e-01
 1.06850e-01
 3.82200e-02
 3.30980e-02
 2.18900e-02
 2.60010e-02
 1.25410e-01
 1.23310e-01
 1.28481e-01
 1.29990e-01
 1.31682e-01
 1.29450e-01
 1.09798e-01
 1.06708e-01
 1.11179e-01
 1.06331e-01
-8.85100e-02
-6.86800e-02
-8.72600e-02
-6.65200e-02
-6.94500e-02
-7.33400e-02
-8.60600e-02
-6.55000e-02
-8.52200e-02
-1.26884e-01
-1.15342e-01
-1.17386e-01
-1.11421e-01
-1.11440e-01
-1.10715e-01
-1.09796e-01
-1.09973e-01
-1.09009e-01
-3.40980e-02
-4.41610e-02
-5.58590e-02
-5.47210e-02
-5.96830e-02
-5.67790e-02
-5.99670e-02
-5.80510e-02
-6.19190e-02
-6.52100e-02
-8.55100e-02
-6.45900e-02
-8.48100e-02
-6.59500e-02
-8.54900e-02
-6.57500e-02
-9.68710e-02
-1.10170e-01
-1.08743e-01
-1.09914e-01
-1.09224e-01
-1.17207e-01
-1.07963e-01
-1.28819e-01
-1.15805e-01
-5.80880e-02
-5.99030e-02
-5.66390e-02
-5.97520e-02
-5.50680e-02
-5.70750e-02
-4.56690e-02
-3.93800e-02
 3.40990e-02
 5.60610e-02
 4.37600e-02
 5.95020e-02
 5.46790e-02
 5.93600e-02
 5.61720e-02
 6.11490e-02
 5.72180e-02
 1.21529e-01
 1.18050e-01
 1.18438e-01
 1.08749e-01
 1.10821e-01
 1.09850e-01
 1.11080e-01
 1.09428e-01
 1.10609e-01
 9.26280e-02
 7.17810e-02
 7.28190e-02
 6.72190e-02
 7.28610e-02
 8.44620e-02
 7.29710e-02
 8.35720e-02
 6.46210e-02
 5.90400e-02
 5.70510e-02
 5.86980e-02
 5.56510e-02
 5.48900e-02
 5.35700e-02
 3.23910e-02
 4.22590e-02
 1.09129e-01
 1.10442e-01
 1.09020e-01
 1.09261e-01
 1.06800e-01
 1.16569e-01
 1.16560e-01
 1.20359e-01
 8.48580e-02
 6.51200e-02
 6.80740e-02
 7.26390e-02
 8.55710e-02
 6.54990e-02
 8.74100e-02
 6.76800e-02
-1.03552e-01
-8.95970e-02
-9.39950e-02
-1.01670e-01
-8.01110e-02
-8.29980e-02
-8.87850e-02
-8.31040e-02
-9.51040e-02
-9.80130e-02
-8.41720e-02
-8.78610e-02
-8.66590e-02
-8.50730e-02
-9.40420e-02
-9.71520e-02
-8.41350e-02
-8.66890e-02
-8.65920e-02
-8.50210e-02
-9.38530e-02
-9.71630e-02
-8.43170e-02
-8.66640e-02
-8.67680e-02
-8.51910e-02
-5.12970e-02
-6.28920e-02
-6.26710e-02
-6.67470e-02
-6.86490e-02
-6.81610e-02
-6.69130e-02
-6.85670e-02
-6.88400e-02
-6.94550e-02
-6.81570e-02
-6.94360e-02
-6.93710e-02
-7.01050e-02
-6.89460e-02
-7.03160e-02
-7.03180e-02
-9.36900e-02
-9.67580e-02
-8.42500e-02
-8.67650e-02
-8.63540e-02
-8.48510e-02
-9.35750e-02
-9.68710e-02
-8.38770e-02
-8.63430e-02
-8.62820e-02
-8.45600e-02
-9.42800e-02
-1.01723e-01
-8.28780e-02
-8.62630e-02
-8.93560e-02
-8.76140e-02
-9.43480e-02
-1.03668e-01
-8.07280e-02
-8.39020e-02
-9.13310e-02
-8.20790e-02
-7.05880e-02
-6.89080e-02
-6.97130e-02
-6.92570e-02
-6.95670e-02
-6.79930e-02
-6.90680e-02
-6.88740e-02
-6.86900e-02
-6.65050e-02
-6.81330e-02
-6.98440e-02
-6.81700e-02
-6.34450e-02
-6.14060e-02
-4.93690e-02
 4.96000e-02
 6.24410e-02
 6.10510e-02
 6.89090e-02
 6.68880e-02
 6.68790e-02
 6.82690e-02
 7.06010e-02
 6.90100e-02
 6.73300e-02
 6.77180e-02
 6.89090e-02
 6.88400e-02
 6.79800e-02
 6.94600e-02
 7.09680e-02
 6.81890e-02
 9.08890e-02
 1.04142e-01
 8.54700e-02
 8.07310e-02
 9.52510e-02
 8.33210e-02
 8.92600e-02
 1.02350e-01
 8.79990e-02
 8.44100e-02
 9.49100e-02
 8.50790e-02
 8.67780e-02
 9.75590e-02
 8.64480e-02
 8.36510e-02
 9.38990e-02
 8.45010e-02
 8.62300e-02
 9.71700e-02
 8.63610e-02
 8.40390e-02
 9.39200e-02
 8.47200e-02
 8.66490e-02
 9.73110e-02
 6.78100e-02
 7.01810e-02
 6.98290e-02
 6.74590e-02
 6.67500e-02
 6.87600e-02
 6.96300e-02
 6.69000e-02
 6.49300e-02
 6.78710e-02
 6.92590e-02
 6.48000e-02
 6.08290e-02
 6.61910e-02
 4.73590e-02
 5.86420e-02
 8.66700e-02
 8.39500e-02
 9.37290e-02
 8.41810e-02
 8.56090e-02
 9.64300e-02
 8.41100e-02
 8.26300e-02
 9.29510e-02
 8.52790e-02
 8.61490e-02
 9.63120e-02
 8.54820e-02
 8.11500e-02
 9.30190e-02
 8.58890e-02
 8.82990e-02
 1.00630e-01
 8.30620e-02
 7.89210e-02
 9.40510e-02
 8.01110e-02
 9.06480e-02
 1.07861e-01
-7.67320e-02
-7.28840e-02
-7.14940e-02
-7.46900e-02
-7.86240e-02
-7.88980e-02
-7.55450e-02
-7.67070e-02
-7.77050e-02
-7.88810e-02
-7.61260e-02
-7.71580e-02
-7.80420e-02
-7.92090e-02
-7.66230e-02
-7.76560e-02
-7.84840e-02
-7.93880e-02
-7.65020e-02
-7.72410e-02
-7.78470e-02
-7.87730e-02
-7.58600e-02
-7.67810e-02
-7.74510e-02
-7.78670e-02
-7.36460e-02
-7.82770e-02
-7.91660e-02
-7.58760e-02
-7.23560e-02
-7.20760e-02
-7.18230e-02
 7.27910e-02
 7.24200e-02
 7.15410e-02
 7.49190e-02
 7.88900e-02
 7.90990e-02
 7.56990e-02
 7.71790e-02
 7.90290e-02
 7.72310e-02
 7.52390e-02
 7.65400e-02
 7.75610e-02
 7.87500e-02
 7.56490e-02
 7.57600e-02
 7.92480e-02
 7.92390e-02
 7.55000e-02
 7.50480e-02
 7.78290e-02
 7.64410e-02
 7.46000e-02
 7.62190e-02
 7.84110e-02
 7.71100e-02
 7.17690e-02
 7.53010e-02
 7.95690e-02
 7.47100e-02
 7.03080e-02
 6.97310e-02
 6.94810e-02
 8.50500e-03
 8.94800e-03
-9.43000e-03
-1.07400e-02
 0.00000e+00
-4.00000e-01
-4.00000e-01
-4.00000e-01
-4.00000e-01
-4.00000e-01
-4.00000e-01
-4.00000e-01
-4.00000e-01
-4.00000e-01
-4.00000e-01
-4.00000e-01
-4.00000e-01
-4.00000e-01
-4.00000e-01
-4.00000e-01
-4.00000e-01
-4.00000e-01
-4.00001e-01
-4.00000e-01
-4.00000e-01
-4.00000e-01
-4.00000e-01
-4.00000e-01
-4.00000e-01
-4.00000e-01
-4.00000e-01
-4.00000e-01
-4.00000e-01
-4.00000e-01
-4.00000e-01
-4.00000e-01
-4.00000e-01
-4.00000e-01
-4.00000e-01
-4.00000e-01
-4.00000e-01
-4.00000e-01
-4.00000e-01
-4.00000e-01
-4.00000e-01
-4.00000e-01
-4.00000e-01
-4.00000e-01
-4.00000e-01
-4.00000e-01
-3.99999e-01
-4.00000e-01
-4.00000e-01
-4.00000e-01
-4.00000e-01
-4.00000e-01
-4.00000e-01
-4.00000e-01
-4.00000e-01
-4.00000e-01
-4.00000e-01
-4.00000e-01
-4.00000e-01
-4.00000e-01
-4.00000e-01
-4.00000e-01
-4.00000e-01
-4.00000e-01
-4.00000e-01
-4.00000e-01
-4.00000e-01
-4.00000e-01
-4.00000e-01
-4.00000e-01
-4.00000e-01
-4.00000e-01
-4.00000e-01
-4.00000e-01
-4.00000e-01
-4.00000e-01
-4.00000e-01
-4.00000e-01
-4.00000e-01
-4.00000e-01
-4.00000e-01
-4.00000e-01
-4.00000e-01
-4.00000e-01
-4.00000e-01
-4.00000e-01
-4.00000e-01
-4.00000e-01
-4.00000e-01
-4.00000e-01
-4.00000e-01
-4.00000e-01
-4.00000e-01
-4.00000e-01
-4.00000e-01
-4.00000e-01
-4.00000e-01
-4.00000e-01
-4.00000e-01
-4.00000e-01
-4.00000e-01
-4.00000e-01
-4.00000e-01
-4.00000e-01
-4.00000e-01
-4.00000e-01
-4.00001e-01
-4.00000e-01
-4.00000e-01
-4.00000e-01
-4.00000e-01
-4.00000e-01
-4.00000e-01
-4.00000e-01
-4.00000e-01
-4.00000e-01
-4.00000e-01
-4.00000e-01
-4.00000e-01
-4.00000e-01
-4.00000e-01
-4.00000e-01
-4.00000e-01
-4.00000e-01
-4.00000e-01
-4.00000e-01
-4.00000e-01
-4.00000e-01
-4.00000e-01
-4.00000e-01
-4.00000e-01
-4.00000e-01
-4.00000e-01
-4.00000e-01
-4.00000e-01
-4.00000e-01
-4.00000e-01
-4.00000e-01
-4.00000e-01
-4.00000e-01
-4.00000e-01
-4.00000e-01
-4.00000e-01
-4.00000e-01
-4.00000e-01
-4.00000e-01
-4.00000e-01
-4.00000e-01
-4.00000e-01
-4.00000e-01
 1.40000e+00
 1.40000e+00
 1.40000e+00
 1.40000e+00
 1.40000e+00
 1.40000e+00
 1.40000e+00
 1.40000e+00
 1.40000e+00
 1.40000e+00
 1.40000e+00
 1.40000e+00
 1.40000e+00
 1.40000e+00
 1.40000e+00
 1.40000e+00
 1.40000e+00
 1.40000e+00
 1.40000e+00
 1.40000e+00
 1.40000e+00
 1.40000e+00
 1.40000e+00
 1.40000e+00
 1.40000e+00
 1.40000e+00
 0.00000e+00
 0.00000e+00
 0.00000e+00
 0.00000e+00
 0.00000e+00
 0.00000e+00
 0.00000e+00
 0.00000e+00
 0.00000e+00
 0.00000e+00
 0.00000e+00
 0.00000e+00
 0.00000e+00
 0.00000e+00
 0.00000e+00
 0.00000e+00
 0.00000e+00
 0.00000e+00
 0.00000e+00
 0.00000e+00
 6.52841e-01
 1.16668e+00
 1.55459e+00
 1.75917e+00
 1.93997e+00
 1.98838e+00
 1.98519e+00
 2.05745e+00
 1.85023e+00
 2.06026e+00
 1.99239e+00
 2.00290e+00
 1.93955e+00
 1.69550e+00
 1.39841e+00
 9.89667e-01
 4.88055e-01
 0.00000e+00
 0.00000e+00
 0.00000e+00
 0.00000e+00
 0.00000e+00
 0.00000e+00
 0.00000e+00
 0.00000e+00
 0.00000e+00
 0.00000e+00
 0.00000e+00
 0.00000e+00
 0.00000e+00
 0.00000e+00
 0.00000e+00
 0.00000e+00
 0.00000e+00
 0.00000e+00
-6.76830e-01
-1.26878e+00
-1.63466e+00
-1.79253e+00
-1.94678e+00
-2.00549e+00
-1.99086e+00
-2.06126e+00
-1.85150e+00
-2.05944e+00
-1.99183e+00
-2.00247e+00
-1.95616e+00
-1.74124e+00
-1.42790e+00
-1.01972e+00
-5.07439e-01
-1.98844e+00
-1.98382e+00
-1.98429e+00
 1.99767e+00
 1.98762e+00
 1.96533e+00
-1.99184e+00
-1.98939e+00
-1.96816e+00
 1.98848e+00
 1.98822e+00
 1.96816e+00
-1.87381e+00
-1.92660e+00
 1.89654e+00
 1.92348e+00
-1.88569e+00
-1.93062e+00
 1.84430e+00
 1.91835e+00
-1.61795e+00
-1.72592e+00
-1.86735e+00
-1.26745e+00
 3.85290e-02
 2.11230e-02
 1.31520e+00
 1.87165e+00
 1.73483e+00
 1.62226e+00
 6.19000e-04
-1.29686e+00
-1.87518e+00
-1.72557e+00
 1.73432e+00
 1.87132e+00
 1.28725e+00
-1.11491e+00
-1.49256e+00
-9.76673e-01
-6.29706e-01
-1.00236e+00
-3.72654e-01
 7.81900e-03
 1.47670e-02
-1.70241e+00
-1.17808e+00
-1.54974e+00
 1.25910e-02
-6.30862e-01
-1.92162e+00
-1.74040e+00
-1.30728e+00
-6.98604e-01
 2.32110e-02
 3.94994e-01
 6.44647e-01
 1.02968e+00
 1.00059e+00
 1.24805e+00
 1.41902e+00
 1.28371e+00
 6.75351e-01
 1.68349e+00
 1.60719e+00
 7.44011e-01
 1.33842e+00
 1.76730e+00
 1.96059e+00
-1.92737e+00
-1.32409e+00
-1.74973e+00
-1.69600e-03
-7.21118e-01
-1.72889e+00
-1.43207e+00
-1.54467e+00
-1.25435e+00
-9.98011e-01
-6.53167e-01
 7.87500e-03
 8.28000e-03
-1.05478e+00
-6.08612e-01
-9.32759e-01
 2.66900e-03
-3.71329e-01
 1.31809e+00
 7.16889e-01
 1.92393e+00
 1.74455e+00
 6.74788e-01
 1.27870e+00
 1.02169e+00
 1.56129e+00
 1.75065e+00
 1.46953e+00
 6.23426e-01
 3.79583e-01
 1.08920e+00
 9.59243e-01
-6.91949e-01
-5.94824e-01
-5.42178e-01
-4.31014e-01
-2.93771e-01
-2.90914e-01
-2.07485e-01
-9.79290e-02
 1.51500e-03
-1.80767e+00
-1.64388e+00
-1.81474e+00
-1.24811e+00
-1.48468e+00
-6.69537e-01
-9.89662e-01
 8.02900e-03
-3.41307e-01
-1.97720e+00
-1.93387e+00
-1.80578e+00
-1.59061e+00
-1.34016e+00
-1.04761e+00
-7.15778e-01
-3.57615e-01
 1.25070e-02
 1.01116e-01
 2.09284e-01
 2.94535e-01
 3.63007e-01
 4.44280e-01
 5.14552e-01
 5.15436e-01
 9.05944e-01
 6.94058e-01
 3.61816e-01
 1.28299e+00
 1.02499e+00
 1.60230e+00
 1.48215e+00
 1.79872e+00
 1.81956e+00
 3.85007e-01
 7.40473e-01
 1.07221e+00
 1.35919e+00
 1.60647e+00
 1.81438e+00
 1.93695e+00
 1.97329e+00
-1.98120e+00
-1.81251e+00
-1.93602e+00
-1.34249e+00
-1.59802e+00
-7.29766e-01
-1.05396e+00
-1.41940e-02
-3.78928e-01
-1.84284e+00
-1.78053e+00
-1.56752e+00
-1.46589e+00
-1.26349e+00
-1.01147e+00
-6.80762e-01
-3.50452e-01
 5.11000e-03
-8.83009e-01
-4.38464e-01
-5.99388e-01
-2.91244e-01
-4.36449e-01
-2.04866e-01
-2.85693e-01
 6.31000e-04
-9.76260e-02
 7.14663e-01
 3.59756e-01
 1.33946e+00
 1.04842e+00
 1.80581e+00
 1.59117e+00
 1.97743e+00
 1.93246e+00
 3.58211e-01
 6.94068e-01
 1.02946e+00
 1.29128e+00
 1.48591e+00
 1.58016e+00
 1.77585e+00
 1.82305e+00
 2.06913e-01
 9.85540e-02
 2.88114e-01
 2.88517e-01
 5.25810e-01
 4.22243e-01
 6.76483e-01
 5.80128e-01
-1.90690e+00
-1.93588e+00
-1.86957e+00
-1.72841e+00
-1.88469e+00
-1.91856e+00
-1.78425e+00
-1.83531e+00
-1.56605e+00
-1.32200e+00
-1.60204e+00
-1.69328e+00
-1.34362e+00
-1.46956e+00
-1.04817e+00
-7.15462e-01
-1.08285e+00
-1.22638e+00
-7.30590e-01
-8.95030e-01
-3.73538e-01
-1.31000e-04
-4.03517e-01
-5.81420e-01
-8.36700e-03
-1.87509e-01
-1.98241e+00
-1.95747e+00
-1.89938e+00
-1.84801e+00
-1.79569e+00
-1.69644e+00
-1.58549e+00
-1.47237e+00
-1.34377e+00
-1.20107e+00
-1.04523e+00
-8.88024e-01
-7.20646e-01
-5.40001e-01
-3.55265e-01
-1.73789e-01
 8.60800e-03
 3.58345e-01
 7.20139e-01
 3.36322e-01
 1.50820e-01
 7.17334e-01
 5.49567e-01
 1.04001e+00
 1.32468e+00
 1.02832e+00
 8.63255e-01
 1.33662e+00
 1.20542e+00
 1.56058e+00
 1.72144e+00
 1.59099e+00
 1.45113e+00
 1.78671e+00
 1.69248e+00
 1.87576e+00
 1.90790e+00
 1.89207e+00
 1.84084e+00
 1.93799e+00
 1.93761e+00
 2.01184e-01
 3.87797e-01
 5.67080e-01
 7.38091e-01
 9.14385e-01
 1.07515e+00
 1.22519e+00
 1.35896e+00
 1.49152e+00
 1.60368e+00
 1.70747e+00
 1.80411e+00
 1.85599e+00
 1.90581e+00
 1.96125e+00
 1.98272e+00
-1.98299e+00
-1.90611e+00
-1.96308e+00
-1.80272e+00
-1.85446e+00
-1.59390e+00
-1.70202e+00
-1.32420e+00
-1.47680e+00
-1.04771e+00
-1.17538e+00
-7.32203e-01
-8.95184e-01
-3.79124e-01
-5.52067e-01
-4.02680e-02
-2.22233e-01
-1.94713e+00
-1.91396e+00
-1.93883e+00
-1.89066e+00
-1.85532e+00
-1.83572e+00
-1.77857e+00
-1.70202e+00
-1.69156e+00
-1.60428e+00
-1.55755e+00
-1.47393e+00
-1.34985e+00
-1.32261e+00
-1.23930e+00
-1.09505e+00
-1.05714e+00
-9.01534e-01
-7.34230e-01
-7.25875e-01
-5.87892e-01
-4.10033e-01
-3.80493e-01
-1.85100e-01
-1.75200e-03
-4.54300e-03
 3.62672e-01
 1.84987e-01
 6.94375e-01
 5.18358e-01
 1.04402e+00
 8.90020e-01
 1.32265e+00
 1.17207e+00
 1.59162e+00
 1.48164e+00
 1.78714e+00
 1.68527e+00
 1.90411e+00
 1.85151e+00
 1.98056e+00
 1.96148e+00
 1.53267e-01
 3.33330e-01
 3.55376e-01
 5.54831e-01
 7.33489e-01
 7.26341e-01
 9.06571e-01
 1.09597e+00
 1.06641e+00
 1.24628e+00
 1.35671e+00
 1.33605e+00
 1.46344e+00
 1.59861e+00
 1.56588e+00
 1.70241e+00
 1.79197e+00
 1.71289e+00
 1.84524e+00
 1.89391e+00
 1.87452e+00
 1.93993e+00
 1.93764e+00
 1.89561e+00
-1.95335e+00
-1.92206e+00
-1.88151e+00
-1.84123e+00
-1.76843e+00
-1.67057e+00
-1.57413e+00
-1.46736e+00
-1.34725e+00
-1.18142e+00
-1.03105e+00
-8.86242e-01
-7.25646e-01
-5.19988e-01
-3.38315e-01
-1.74698e-01
 3.78600e-03
 2.19199e-01
 4.05457e-01
 5.64039e-01
 7.34458e-01
 9.27961e-01
 1.09065e+00
 1.22033e+00
 1.35762e+00
 1.50306e+00
 1.60230e+00
 1.67703e+00
 1.77434e+00
 1.84850e+00
 1.88836e+00
 1.92959e+00
 1.96223e+00
-1.96483e+00
-1.93126e+00
-1.88830e+00
-1.84660e+00
-1.77058e+00
-1.67345e+00
-1.57900e+00
-1.47576e+00
-1.37111e+00
-1.21266e+00
-1.03691e+00
-8.92725e-01
-7.33069e-01
-5.28985e-01
-3.50337e-01
-1.56090e-01
 2.39800e-02
 2.17589e-01
 3.94951e-01
 5.84389e-01
 7.56229e-01
 8.99367e-01
 1.03654e+00
 1.21280e+00
 1.37676e+00
 1.50756e+00
 1.60003e+00
 1.69984e+00
 1.78594e+00
 1.84841e+00
 1.88835e+00
 1.93083e+00
 1.96398e+00
-7.17980e-01
 7.60392e-01
-7.31190e-01
 7.47826e-01
END TIME STEP
