displacement
part
         1
coordinates
 0.00000e+00
 0.00000e+00
 0.00000e+00
 0.00000e+00
 0.00000e+00
 0.00000e+00
 0.00000e+00
 0.00000e+00
 0.00000e+00
 0.00000e+00
 0.00000e+00
 0.00000e+00
 0.00000e+00
 0.00000e+00
 0.00000e+00
 0.00000e+00
 0.00000e+00
 0.00000e+00
 0.00000e+00
 0.00000e+00
 0.00000e+00
 0.00000e+00
 0.00000e+00
 0.00000e+00
 0.00000e+00
 0.00000e+00
 0.00000e+00
 0.00000e+00
 0.00000e+00
 0.00000e+00
 0.00000e+00
 0.00000e+00
 0.00000e+00
 0.00000e+00
 0.00000e+00
 0.00000e+00
 0.00000e+00
 0.00000e+00
 0.00000e+00
 0.00000e+00
 0.00000e+00
 0.00000e+00
 0.00000e+00
 0.00000e+00
 0.00000e+00
 0.00000e+00
 0.00000e+00
 0.00000e+00
 0.00000e+00
 0.00000e+00
 0.00000e+00
 0.00000e+00
 0.00000e+00
 0.00000e+00
 0.00000e+00
 0.00000e+00
 0.00000e+00
 0.00000e+00
 0.00000e+00
 0.00000e+00
 0.00000e+00
 0.00000e+00
 0.00000e+00
 0.00000e+00
 0.00000e+00
 0.00000e+00
 0.00000e+00
 0.00000e+00
 0.00000e+00
 0.00000e+00
 0.00000e+00
 0.00000e+00
 0.00000e+00
 0.00000e+00
 0.00000e+00
 0.00000e+00
 0.00000e+00
 0.00000e+00
 0.00000e+00
 0.00000e+00
 0.00000e+00
 0.00000e+00
 0.00000e+00
 0.00000e+00
 0.00000e+00
 0.00000e+00
 0.00000e+00
 0.00000e+00
 0.00000e+00
 0.00000e+00
 0.00000e+00
 0.00000e+00
 0.00000e+00
 0.00000e+00
 0.00000e+00
 0.00000e+00
 0.00000e+00
 0.00000e+00
 0.00000e+00
 0.00000e+00
 0.00000e+00
 0.00000e+00
 0.00000e+00
 0.00000e+00
 0.00000e+00
 0.00000e+00
 0.00000e+00
 0.00000e+00
 0.00000e+00
 0.00000e+00
 0.00000e+00
 0.00000e+00
 0.00000e+00
 0.00000e+00
 0.00000e+00
 0.00000e+00
 0.00000e+00
 0.00000e+00
 0.00000e+00
 0.00000e+00
 0.00000e+00
 0.00000e+00
 0.00000e+00
 0.00000e+00
 0.00000e+00
 0.00000e+00
 0.00000e+00
 0.00000e+00
 0.00000e+00
 0.00000e+00
 0.00000e+00
 0.00000e+00
 0.00000e+00
 0.00000e+00
 0.00000e+00
 0.00000e+00
 0.00000e+00
 0.00000e+00
 0.00000e+00
 0.00000e+00
 0.00000e+00
 0.00000e+00
 0.00000e+00
 0.00000e+00
 0.00000e+00
 0.00000e+00
 0.00000e+00
 0.00000e+00
 0.00000e+00
 0.00000e+00
 0.00000e+00
 0.00000e+00
 0.00000e+00
 0.00000e+00
 0.00000e+00
 0.00000e+00
 0.00000e+00
 0.00000e+00
 0.00000e+00
 0.00000e+00
 0.00000e+00
 0.00000e+00
 0.00000e+00
 0.00000e+00
 0.00000e+00
 0.00000e+00
 0.00000e+00
 0.00000e+00
 0.00000e+00
 0.00000e+00
 0.00000e+00
 0.00000e+00
 0.00000e+00
 0.00000e+00
 0.00000e+00
 0.00000e+00
 0.00000e+00
 0.00000e+00
 0.00000e+00
 0.00000e+00
 0.00000e+00
 0.00000e+00
 0.00000e+00
 0.00000e+00
 0.00000e+00
 0.00000e+00
 0.00000e+00
 0.00000e+00
 0.00000e+00
 0.00000e+00
 0.00000e+00
 0.00000e+00
 0.00000e+00
 0.00000e+00
 0.00000e+00
 0.00000e+00
 0.00000e+00
 0.00000e+00
 0.00000e+00
 0.00000e+00
 0.00000e+00
 0.00000e+00
 0.00000e+00
 0.00000e+00
 0.00000e+00
 0.00000e+00
 0.00000e+00
 0.00000e+00
 0.00000e+00
 0.00000e+00
 0.00000e+00
 0.00000e+00
 0.00000e+00
 0.00000e+00
 0.00000e+00
 0.00000e+00
 0.00000e+00
 0.00000e+00
 0.00000e+00
 0.00000e+00
 0.00000e+00
 0.00000e+00
 0.00000e+00
 0.00000e+00
 0.00000e+00
 0.00000e+00
 0.00000e+00
 0.00000e+00
 0.00000e+00
 0.00000e+00
 0.00000e+00
 0.00000e+00
 0.00000e+00
 0.00000e+00
 0.00000e+00
 0.00000e+00
 0.00000e+00
 0.00000e+00
 0.00000e+00
 0.00000e+00
 0.00000e+00
 0.00000e+00
 0.00000e+00
 0.00000e+00
 0.00000e+00
 0.00000e+00
 0.00000e+00
 0.00000e+00
 0.00000e+00
 0.00000e+00
 0.00000e+00
 0.00000e+00
 0.00000e+00
 0.00000e+00
 0.00000e+00
 0.00000e+00
 0.00000e+00
 0.00000e+00
 0.00000e+00
 0.00000e+00
 0.00000e+00
 0.00000e+00
 0.00000e+00
 0.00000e+00
 0.00000e+00
 0.00000e+00
 0.00000e+00
 0.00000e+00
 1.25148e+00
 9.71552e-01
 7.24023e-01
 1.62441e+00
 2.08478e+00
 1.99053e+00
 1.58512e+00
 6.90000e-01
 9.45315e-01
 1.23798e+00
 2.08725e+00
 1.60476e+00
 7.11886e-01
 9.71536e-01
 9.58204e-01
 7.15838e-01
 1.61022e+00
 2.45548e-01
 5.74159e-01
 5.78858e-01
 7.32192e-01
 1.29591e+00
 1.03612e+00
 9.51906e-01
 1.65397e+00
 4.69728e-01
 1.37295e+00
 9.49436e-01
 1.80587e+00
 1.71762e+00
 5.08670e-01
 1.02454e+00
 1.49213e+00
 1.88999e+00
 1.97635e+00
 1.02050e+00
 7.04981e-01
 1.26405e+00
 5.14447e-01
 2.68077e-01
 5.85299e-01
 1.30274e+00
 1.70748e+00
 3.62660e-01
 8.24992e-01
 1.87423e+00
 1.46525e+00
 9.87948e-01
 4.15238e-01
 5.01259e-01
 1.48069e+00
 1.01437e+00
 1.97782e+00
 1.88414e+00
 3.88391e-01
 5.46173e-01
 8.91988e-01
 1.32078e+00
 1.26257e+00
 1.71138e+00
 1.80316e+00
 1.64241e+00
 2.81911e-01
 7.14806e-01
 5.64210e-01
 9.35356e-01
 1.01313e+00
 1.48448e+00
 1.88493e+00
 5.04462e-01
 1.01749e+00
 1.70594e+00
 1.30477e+00
 1.25842e+00
 8.89266e-01
 4.01187e-01
 5.42517e-01
 7.13215e-01
 1.01707e+00
 2.37167e-01
 5.61954e-01
 9.02570e-02
 1.89761e-01
 2.77675e-01
 3.30274e-01
 3.53442e-01
 5.15120e-01
 5.44705e-01
 5.31897e-01
 5.21751e-01
 2.51977e-01
 8.70374e-01
 5.34815e-01
 1.37727e+00
 1.15464e+00
 1.72925e+00
 1.59867e+00
 1.85162e+00
 1.84486e+00
 2.47664e-01
 5.25845e-01
 8.18157e-01
 1.18290e+00
 1.43510e+00
 1.66915e+00
 1.82165e+00
 1.93266e+00
 1.95344e+00
 5.27000e-01
 5.21227e-01
 4.50827e-01
 3.80543e-01
 3.21617e-01
 2.43379e-01
 1.30548e-01
 1.85986e-01
 1.72022e+00
 1.84120e+00
 1.35568e+00
 1.57754e+00
 9.48179e-01
 1.17560e+00
 3.52684e-01
 5.43266e-01
 1.92747e+00
 1.81210e+00
 1.65369e+00
 1.41728e+00
 1.16199e+00
 7.94680e-01
 5.04700e-01
 2.82789e-01
 2.51656e-01
 8.11994e-01
 5.28320e-01
 1.43683e+00
 1.17841e+00
 1.81904e+00
 1.66808e+00
 1.95547e+00
 1.93104e+00
 2.45039e-01
 6.09221e-01
 9.85417e-01
 1.19345e+00
 1.37169e+00
 1.58734e+00
 1.72516e+00
 1.84414e+00
 1.85104e+00
 1.20876e-01
 2.37171e-01
 1.63290e-01
 3.47769e-01
 3.64786e-01
 5.25804e-01
 5.02032e-01
 5.07575e-01
 5.19934e-01
 1.82377e+00
 1.93419e+00
 1.43760e+00
 1.66988e+00
 8.19999e-01
 1.18353e+00
 2.52561e-01
 5.30434e-01
 1.84271e+00
 1.71954e+00
 1.57468e+00
 1.34879e+00
 1.17227e+00
 9.73704e-01
 6.12869e-01
 3.20846e-01
 5.29618e-01
 5.21621e-01
 3.43615e-01
 5.05151e-01
 2.69061e-01
 3.23475e-01
 8.83250e-02
 1.85547e-01
 2.55072e-01
 2.20589e-01
 5.21382e-01
 8.62163e-01
 5.19819e-01
 3.70872e-01
 7.60485e-01
 6.58447e-01
 1.12924e+00
 1.40542e+00
 1.09703e+00
 9.47146e-01
 1.38900e+00
 1.26890e+00
 1.61241e+00
 1.78673e+00
 1.60158e+00
 1.49453e+00
 1.78178e+00
 1.71382e+00
 1.88199e+00
 1.92216e+00
 1.88551e+00
 1.83748e+00
 1.92313e+00
 1.92051e+00
 1.78115e-01
 3.02124e-01
 5.42195e-01
 6.70626e-01
 7.90662e-01
 9.89297e-01
 1.14942e+00
 1.29016e+00
 1.41415e+00
 1.53973e+00
 1.64473e+00
 1.73559e+00
 1.80526e+00
 1.87070e+00
 1.91090e+00
 1.93715e+00
 1.94057e+00
 1.88468e+00
 1.78469e+00
 1.89809e+00
 1.91959e+00
 1.78662e+00
 1.85070e+00
 1.61671e+00
 1.40235e+00
 1.63562e+00
 1.72452e+00
 1.39580e+00
 1.51561e+00
 1.13812e+00
 8.70348e-01
 1.11647e+00
 1.28397e+00
 7.49885e-01
 9.48300e-01
 5.01552e-01
 2.46787e-01
 4.90285e-01
 6.38559e-01
 1.73023e-01
 2.89596e-01
 1.93466e+00
 1.90455e+00
 1.86241e+00
 1.79810e+00
 1.72194e+00
 1.62524e+00
 1.52015e+00
 1.39910e+00
 1.26733e+00
 1.12544e+00
 9.67902e-01
 7.68391e-01
 6.45834e-01
 5.21200e-01
 3.00523e-01
 2.19194e-01
 2.15895e-01
 5.33347e-01
 3.04357e-01
 7.82916e-01
 6.63311e-01
 1.14359e+00
 9.86015e-01
 1.43634e+00
 1.28962e+00
 1.64675e+00
 1.56196e+00
 1.80363e+00
 1.73509e+00
 1.90924e+00
 1.87005e+00
 1.94309e+00
 1.93476e+00
 1.04505e-01
 2.58881e-01
 2.79580e-01
 5.09026e-01
 5.70887e-01
 6.64263e-01
 7.78166e-01
 9.02194e-01
 9.53718e-01
 1.09726e+00
 1.14468e+00
 1.26698e+00
 1.38577e+00
 1.40632e+00
 1.48737e+00
 1.59730e+00
 1.60890e+00
 1.71387e+00
 1.78324e+00
 1.78471e+00
 1.83827e+00
 1.88646e+00
 1.88252e+00
 1.92338e+00
 1.92522e+00
 1.92364e+00
 1.91203e+00
 1.93867e+00
 1.81737e+00
 1.87823e+00
 1.64750e+00
 1.73604e+00
 1.43567e+00
 1.56259e+00
 1.14577e+00
 1.28142e+00
 8.11883e-01
 1.01029e+00
 5.34918e-01
 6.66522e-01
 2.16730e-01
 3.08691e-01
 1.92111e+00
 1.90033e+00
 1.88651e+00
 1.85160e+00
 1.78263e+00
 1.78456e+00
 1.70863e+00
 1.59517e+00
 1.60151e+00
 1.48004e+00
 1.37725e+00
 1.39241e+00
 1.27232e+00
 1.11068e+00
 1.13415e+00
 9.35100e-01
 7.43902e-01
 8.82473e-01
 6.31149e-01
 4.91784e-01
 5.16251e-01
 2.93438e-01
 1.81289e-01
 2.75607e-01
 2.14694e-01
 4.16698e-01
 5.62308e-01
 6.72652e-01
 8.33661e-01
 1.00448e+00
 1.15829e+00
 1.27978e+00
 1.40935e+00
 1.54061e+00
 1.64988e+00
 1.72464e+00
 1.80227e+00
 1.86451e+00
 1.91099e+00
 1.92707e+00
 1.93994e+00
 1.92180e+00
 1.89791e+00
 1.85230e+00
 1.79831e+00
 1.70152e+00
 1.61130e+00
 1.51096e+00
 1.39902e+00
 1.23805e+00
 1.12025e+00
 9.94374e-01
 8.18157e-01
 6.48198e-01
 5.36640e-01
 3.88514e-01
 1.96396e-01
 1.91679e-01
 3.92820e-01
 5.50640e-01
 6.67110e-01
 8.34984e-01
 1.00446e+00
 1.15616e+00
 1.27371e+00
 1.38548e+00
 1.52393e+00
 1.65011e+00
 1.72473e+00
 1.80236e+00
 1.86513e+00
 1.91261e+00
 1.93399e+00
 1.93940e+00
 1.92389e+00
 1.90324e+00
 1.85095e+00
 1.78855e+00
 1.71923e+00
 1.64851e+00
 1.52241e+00
 1.37820e+00
 1.23511e+00
 1.12848e+00
 9.66654e-01
 7.90553e-01
 6.54547e-01
 5.45870e-01
 3.94960e-01
 2.00037e-01
 1.87574e+00
 1.85961e+00
 1.87305e+00
 1.86810e+00
 0.00000e+00
 0.00000e+00
 0.00000e+00
 0.00000e+00
 0.00000e+00
 0.00000e+00
 0.00000e+00
 0.00000e+00
 0.00000e+00
 0.00000e+00
 0.00000e+00
 0.00000e+00
 0.00000e+00
 0.00000e+00
 0.00000e+00
 0.00000e+00
 0.00000e+00
 0.00000e+00
 0.00000e+00
 0.00000e+00
 0.00000e+00
 0.00000e+00
 0.00000e+00
 0.00000e+00
 0.00000e+00
 0.00000e+00
 0.00000e+00
 0.00000e+00
 0.00000e+00
 0.00000e+00
 0.00000e+00
 0.00000e+00
 0.00000e+00
 0.00000e+00
 0.00000e+00
 0.00000e+00
 0.00000e+00
 0.00000e+00
 0.00000e+00
 0.00000e+00
 0.00000e+00
 0.00000e+00
 0.00000e+00
 0.00000e+00
 0.00000e+00
 0.00000e+00
 0.00000e+00
 0.00000e+00
 0.00000e+00
 0.00000e+00
 0.00000e+00
 0.00000e+00
 0.00000e+00
 0.00000e+00
 0.00000e+00
 0.00000e+00
 0.00000e+00
 0.00000e+00
 0.00000e+00
 0.00000e+00
 0.00000e+00
 0.00000e+00
 0.00000e+00
 0.00000e+00
 0.00000e+00
 0.00000e+00
 0.00000e+00
 0.00000e+00
 0.00000e+00
 0.00000e+00
 0.00000e+00
 0.00000e+00
 0.00000e+00
 0.00000e+00
 0.00000e+00
 0.00000e+00
 0.00000e+00
 0.00000e+00
 0.00000e+00
 0.00000e+00
 0.00000e+00
 0.00000e+00
 0.00000e+00
 0.00000e+00
 0.00000e+00
 0.00000e+00
 0.00000e+00
 0.00000e+00
 0.00000e+00
 0.00000e+00
 0.00000e+00
 0.00000e+00
 0.00000e+00
 0.00000e+00
 0.00000e+00
 0.00000e+00
 0.00000e+00
 0.00000e+00
 0.00000e+00
 0.00000e+00
 0.00000e+00
 0.00000e+00
 0.00000e+00
 0.00000e+00
 0.00000e+00
 0.00000e+00
 0.00000e+00
 0.00000e+00
 0.00000e+00
 0.00000e+00
 0.00000e+00
 0.00000e+00
 0.00000e+00
 0.00000e+00
 0.00000e+00
 0.00000e+00
 0.00000e+00
 0.00000e+00
 0.00000e+00
 0.00000e+00
 0.00000e+00
 0.00000e+00
 0.00000e+00
 0.00000e+00
 0.00000e+00
 0.00000e+00
 0.00000e+00
 0.00000e+00
 0.00000e+00
 0.00000e+00
 0.00000e+00
 0.00000e+00
 0.00000e+00
 0.00000e+00
 0.00000e+00
 0.00000e+00
 0.00000e+00
 0.00000e+00
 0.00000e+00
 0.00000e+00
 0.00000e+00
 0.00000e+00
 0.00000e+00
 0.00000e+00
 0.00000e+00
 0.00000e+00
 0.00000e+00
 0.00000e+00
 0.00000e+00
 0.00000e+00
 0.00000e+00
 0.00000e+00
 0.00000e+00
 0.00000e+00
 0.00000e+00
 0.00000e+00
 0.00000e+00
 0.00000e+00
 0.00000e+00
 0.00000e+00
 0.00000e+00
 0.00000e+00
 0.00000e+00
 0.00000e+00
 0.00000e+00
 0.00000e+00
 0.00000e+00
 0.00000e+00
 0.00000e+00
 0.00000e+00
 0.00000e+00
 0.00000e+00
 0.00000e+00
 0.00000e+00
 0.00000e+00
 0.00000e+00
 0.00000e+00
 0.00000e+00
 0.00000e+00
 0.00000e+00
 0.00000e+00
 0.00000e+00
 0.00000e+00
 0.00000e+00
 0.00000e+00
 0.00000e+00
 0.00000e+00
 0.00000e+00
 0.00000e+00
 0.00000e+00
 0.00000e+00
 0.00000e+00
 0.00000e+00
 0.00000e+00
 0.00000e+00
 0.00000e+00
-7.67700e-02
-1.17428e-01
-1.27619e-01
-1.35464e-01
-9.13500e-02
-8.49700e-03
 7.91500e-03
 2.16620e-02
-1.42000e-03
-2.43000e-02
-9.48000e-03
 1.11500e-02
 9.07800e-02
 1.35669e-01
 1.18519e-01
 1.09569e-01
 6.08520e-02
 0.00000e+00
 0.00000e+00
 0.00000e+00
 0.00000e+00
 0.00000e+00
 0.00000e+00
 0.00000e+00
 0.00000e+00
 0.00000e+00
 0.00000e+00
 0.00000e+00
 0.00000e+00
 0.00000e+00
 0.00000e+00
 0.00000e+00
 0.00000e+00
 0.00000e+00
 0.00000e+00
 8.21490e-02
 1.08818e-01
 1.36869e-01
 1.32290e-01
 9.14400e-02
 1.22580e-02
-8.36900e-03
-2.40300e-02
-7.70000e-04
 2.32980e-02
 8.26100e-03
-1.23090e-02
-8.25840e-02
-1.36729e-01
-1.21001e-01
-1.11889e-01
-6.27900e-02
-3.71800e-02
-5.09950e-02
-6.44110e-02
-3.39100e-02
-5.85570e-02
-7.93670e-02
 3.80690e-02
 5.94900e-02
 8.04620e-02
 3.60000e-02
 5.68390e-02
 7.72300e-02
-1.19778e-01
-1.00039e-01
-1.19582e-01
-1.01780e-01
 1.16471e-01
 1.01301e-01
 1.25398e-01
 1.04552e-01
-1.00000e-04
 1.23170e-02
-3.93800e-03
-5.19800e-03
-9.06300e-03
-6.30000e-04
-4.64500e-03
-3.03600e-03
 1.20420e-02
-1.61000e-03
 7.87900e-03
 4.26100e-03
 3.55200e-03
-1.28700e-02
-1.40210e-02
 2.59000e-03
 3.61800e-03
-1.13065e-01
-1.30868e-01
-1.07376e-01
-1.10648e-01
-1.28306e-01
-1.06817e-01
-1.13057e-01
-1.27456e-01
-1.32663e-01
-1.23877e-01
-1.28601e-01
-1.22132e-01
-1.25503e-01
-2.32630e-02
-2.71000e-02
-3.93590e-02
-3.41660e-02
-4.32080e-02
-1.07279e-01
-1.11725e-01
-1.28574e-01
-1.06781e-01
-1.15540e-01
-1.33072e-01
-1.23547e-01
-1.24794e-01
-1.35563e-01
-1.32373e-01
-3.41190e-02
-3.93020e-02
-2.75580e-02
-2.46390e-02
 2.29800e-02
 3.88390e-02
 2.68990e-02
 4.21600e-02
 3.34800e-02
 1.33930e-01
 1.26589e-01
 1.31241e-01
 1.24618e-01
 1.29009e-01
 1.26101e-01
 1.23120e-01
 1.27711e-01
 1.12892e-01
 1.10561e-01
 1.04920e-01
 1.12469e-01
 1.06850e-01
 3.82200e-02
 3.30980e-02
 2.18900e-02
 2.60010e-02
 1.25410e-01
 1.23310e-01
 1.28481e-01
 1.29990e-01
 1.31682e-01
 1.29450e-01
 1.09798e-01
 1.06708e-01
 1.11179e-01
 1.06331e-01
-8.85100e-02
-6.86800e-02
-8.72600e-02
-6.65200e-02
-6.94500e-02
-7.33400e-02
-8.60600e-02
-6.55000e-02
-8.52200e-02
-1.26884e-01
-1.15342e-01
-1.17386e-01
-1.11421e-01
-1.11440e-01
-1.10715e-01
-1.09796e-01
-1.09973e-01
-1.09009e-01
-3.40980e-02
-4.41610e-02
-5.58590e-02
-5.47210e-02
-5.96830e-02
-5.67790e-02
-5.99670e-02
-5.80510e-02
-6.19190e-02
-6.52100e-02
-8.55100e-02
-6.45900e-02
-8.48100e-02
-6.59500e-02
-8.54900e-02
-6.57500e-02
-9.68710e-02
-1.10170e-01
-1.08743e-01
-1.09914e-01
-1.09224e-01
-1.17207e-01
-1.07963e-01
-1.28819e-01
-1.15805e-01
-5.80880e-02
-5.99030e-02
-5.66390e-02
-5.97520e-02
-5.50680e-02
-5.70750e-02
-4.56690e-02
-3.93800e-02
 3.40990e-02
 5.60610e-02
 4.37600e-02
 5.95020e-02
 5.46790e-02
 5.93600e-02
 5.61720e-02
 6.11490e-02
 5.72180e-02
 1.21529e-01
 1.18050e-01
 1.18438e-01
 1.08749e-01
 1.10821e-01
 1.09850e-01
 1.11080e-01
 1.09428e-01
 1.10609e-01
 9.26280e-02
 7.17810e-02
 7.28190e-02
 6.72190e-02
 7.28610e-02
 8.44620e-02
 7.29710e-02
 8.35720e-02
 6.46210e-02
 5.90400e-02
 5.70510e-02
 5.86980e-02
 5.56510e-02
 5.48900e-02
 5.35700e-02
 3.23910e-02
 4.22590e-02
 1.09129e-01
 1.10442e-01
 1.09020e-01
 1.09261e-01
 1.06800e-01
 1.16569e-01
 1.16560e-01
 1.20359e-01
 8.48580e-02
 6.51200e-02
 6.80740e-02
 7.26390e-02
 8.55710e-02
 6.54990e-02
 8.74100e-02
 6.76800e-02
-1.03552e-01
-8.95970e-02
-9.39950e-02
-1.01670e-01
-8.01110e-02
-8.29980e-02
-8.87850e-02
-8.31040e-02
-9.51040e-02
-9.80130e-02
-8.41720e-02
-8.78610e-02
-8.66590e-02
-8.50730e-02
-9.40420e-02
-9.71520e-02
-8.41350e-02
-8.66890e-02
-8.65920e-02
-8.50210e-02
-9.38530e-02
-9.71630e-02
-8.43170e-02
-8.66640e-02
-8.67680e-02
-8.51910e-02
-5.12970e-02
-6.28920e-02
-6.26710e-02
-6.67470e-02
-6.86490e-02
-6.81610e-02
-6.69130e-02
-6.85670e-02
-6.88400e-02
-6.94550e-02
-6.81570e-02
-6.94360e-02
-6.93710e-02
-7.01050e-02
-6.89460e-02
-7.03160e-02
-7.03180e-02
-9.36900e-02
-9.67580e-02
-8.42500e-02
-8.67650e-02
-8.63540e-02
-8.48510e-02
-9.35750e-02
-9.68710e-02
-8.38770e-02
-8.63430e-02
-8.62820e-02
-8.45600e-02
-9.42800e-02
-1.01723e-01
-8.28780e-02
-8.62630e-02
-8.93560e-02
-8.76140e-02
-9.43480e-02
-1.03668e-01
-8.07280e-02
-8.39020e-02
-9.13310e-02
-8.20790e-02
-7.05880e-02
-6.89080e-02
-6.97130e-02
-6.92570e-02
-6.95670e-02
-6.79930e-02
-6.90680e-02
-6.88740e-02
-6.86900e-02
-6.65050e-02
-6.81330e-02
-6.98440e-02
-6.81700e-02
-6.34450e-02
-6.14060e-02
-4.93690e-02
 4.96000e-02
 6.24410e-02
 6.10510e-02
 6.89090e-02
 6.68880e-02
 6.68790e-02
 6.82690e-02
 7.06010e-02
 6.90100e-02
 6.73300e-02
 6.77180e-02
 6.89090e-02
 6.88400e-02
 6.79800e-02
 6.94600e-02
 7.09680e-02
 6.81890e-02
 9.08890e-02
 1.04142e-01
 8.54700e-02
 8.07310e-02
 9.52510e-02
 8.33210e-02
 8.92600e-02
 1.02350e-01
 8.79990e-02
 8.44100e-02
 9.49100e-02
 8.50790e-02
 8.67780e-02
 9.75590e-02
 8.64480e-02
 8.36510e-02
 9.38990e-02
 8.45010e-02
 8.62300e-02
 9.71700e-02
 8.63610e-02
 8.40390e-02
 9.39200e-02
 8.47200e-02
 8.66490e-02
 9.73110e-02
 6.78100e-02
 7.01810e-02
 6.98290e-02
 6.74590e-02
 6.67500e-02
 6.87600e-02
 6.96300e-02
 6.69000e-02
 6.49300e-02
 6.78710e-02
 6.92590e-02
 6.48000e-02
 6.08290e-02
 6.61910e-02
 4.73590e-02
 5.86420e-02
 8.66700e-02
 8.39500e-02
 9.37290e-02
 8.41810e-02
 8.56090e-02
 9.64300e-02
 8.41100e-02
 8.26300e-02
 9.29510e-02
 8.52790e-02
 8.61490e-02
 9.63120e-02
 8.54820e-02
 8.11500e-02
 9.30190e-02
 8.58890e-02
 8.82990e-02
 1.00630e-01
 8.30620e-02
 7.89210e-02
 9.40510e-02
 8.01110e-02
 9.06480e-02
 1.07861e-01
-7.67320e-02
-7.28840e-02
-7.14940e-02
-7.46900e-02
-7.86240e-02
-7.88980e-02
-7.55450e-02
-7.67070e-02
-7.77050e-02
-7.88810e-02
-7.61260e-02
-7.71580e-02
-7.80420e-02
-7.92090e-02
-7.66230e-02
-7.76560e-02
-7.84840e-02
-7.93880e-02
-7.65020e-02
-7.72410e-02
-7.78470e-02
-7.87730e-02
-7.58600e-02
-7.67810e-02
-7.74510e-02
-7.78670e-02
-7.36460e-02
-7.82770e-02
-7.91660e-02
-7.58760e-02
-7.23560e-02
-7.20760e-02
-7.18230e-02
 7.27910e-02
 7.24200e-02
 7.15410e-02
 7.49190e-02
 7.88900e-02
 7.90990e-02
 7.56990e-02
 7.71790e-02
 7.90290e-02
 7.72310e-02
 7.52390e-02
 7.65400e-02
 7.75610e-02
 7.87500e-02
 7.56490e-02
 7.57600e-02
 7.92480e-02
 7.92390e-02
 7.55000e-02
 7.50480e-02
 7.78290e-02
 7.64410e-02
 7.46000e-02
 7.62190e-02
 7.84110e-02
 7.71100e-02
 7.17690e-02
 7.53010e-02
 7.95690e-02
 7.47100e-02
 7.03080e-02
 6.97310e-02
 6.94810e-02
 8.50500e-03
 8.94800e-03
-9.43000e-03
-1.07400e-02
 0.00000e+00
-4.00000e-01
-4.00000e-01
-4.00000e-01
-4.00000e-01
-4.00000e-01
-4.00000e-01
-4.00000e-01
-4.00000e-01
-4.00000e-01
-4.00000e-01
-4.00000e-01
-4.00000e-01
-4.00000e-01
-4.00000e-01
-4.00000e-01
-4.00000e-01
-4.00000e-01
-4.00001e-01
-4.00000e-01
-4.00000e-01
-4.00000e-01
-4.00000e-01
-4.00000e-01
-4.00000e-01
-4.00000e-01
-4.00000e-01
-4.00000e-01
-4.00000e-01
-4.00000e-01
-4.00000e-01
-4.00000e-01
-4.00000e-01
-4.00000e-01
-4.00000e-01
-4.00000e-01
-4.00000e-01
-4.00000e-01
-4.00000e-01
-4.00000e-01
-4.00000e-01
-4.00000e-01
-4.00000e-01
-4.00000e-01
-4.00000e-01
-4.00000e-01
-3.99999e-01
-4.00000e-01
-4.00000e-01
-4.00000e-01
-4.00000e-01
-4.00000e-01
-4.00000e-01
-4.00000e-01
-4.00000e-01
-4.00000e-01
-4.00000e-01
-4.00000e-01
-4.00000e-01
-4.00000e-01
-4.00000e-01
-4.00000e-01
-4.00000e-01
-4.00000e-01
-4.00000e-01
-4.00000e-01
-4.00000e-01
-4.00000e-01
-4.00000e-01
-4.00000e-01
-4.00000e-01
-4.00000e-01
-4.00000e-01
-4.00000e-01
-4.00000e-01
-4.00000e-01
-4.00000e-01
-4.00000e-01
-4.00000e-01
-4.00000e-01
-4.00000e-01
-4.00000e-01
-4.00000e-01
-4.00000e-01
-4.00000e-01
-4.00000e-01
-4.00000e-01
-4.00000e-01
-4.00000e-01
-4.00000e-01
-4.00000e-01
-4.00000e-01
-4.00000e-01
-4.00000e-01
-4.00000e-01
-4.00000e-01
-4.00000e-01
-4.00000e-01
-4.00000e-01
-4.00000e-01
-4.00000e-01
-4.00000e-01
-4.00000e-01
-4.00000e-01
-4.00000e-01
-4.00000e-01
-4.00001e-01
-4.00000e-01
-4.00000e-01
-4.00000e-01
-4.00000e-01
-4.00000e-01
-4.00000e-01
-4.00000e-01
-4.00000e-01
-4.00000e-01
-4.00000e-01
-4.00000e-01
-4.00000e-01
-4.00000e-01
-4.00000e-01
-4.00000e-01
-4.00000e-01
-4.00000e-01
-4.00000e-01
-4.00000e-01
-4.00000e-01
-4.00000e-01
-4.00000e-01
-4.00000e-01
-4.00000e-01
-4.00000e-01
-4.00000e-01
-4.00000e-01
-4.00000e-01
-4.00000e-01
-4.00000e-01
-4.00000e-01
-4.00000e-01
-4.00000e-01
-4.00000e-01
-4.00000e-01
-4.00000e-01
-4.00000e-01
-4.00000e-01
-4.00000e-01
-4.00000e-01
-4.00000e-01
-4.00000e-01
-4.00000e-01
 1.40000e+00
 1.40000e+00
 1.40000e+00
 1.40000e+00
 1.40000e+00
 1.40000e+00
 1.40000e+00
 1.40000e+00
 1.40000e+00
 1.40000e+00
 1.40000e+00
 1.40000e+00
 1.40000e+00
 1.40000e+00
 1.40000e+00
 1.40000e+00
 1.40000e+00
 1.40000e+00
 1.40000e+00
 1.40000e+00
 1.40000e+00
 1.40000e+00
 1.40000e+00
 1.40000e+00
 1.40000e+00
 1.40000e+00
 0.00000e+00
 0.00000e+00
 0.00000e+00
 0.00000e+00
 0.00000e+00
 0.00000e+00
 0.00000e+00
 0.00000e+00
 0.00000e+00
 0.00000e+00
 0.00000e+00
 0.00000e+00
 0.00000e+00
 0.00000e+00
 0.00000e+00
 0.00000e+00
 0.00000e+00
 0.00000e+00
 0.00000e+00
 0.00000e+00
 6.52841e-01
 1.16668e+00
 1.55459e+00
 1.75917e+00
 1.93997e+00
 1.98838e+00
 1.98519e+00
 2.05745e+00
 1.85023e+00
 2.06026e+00
 1.99239e+00
 2.00290e+00
 1.93955e+00
 1.69550e+00
 1.39841e+00
 9.89667e-01
 4.88055e-01
 0.00000e+00
 0.00000e+00
 0.00000e+00
 0.00000e+00
 0.00000e+00
 0.00000e+00
 0.00000e+00
 0.00000e+00
 0.00000e+00
 0.00000e+00
 0.00000e+00
 0.00000e+00
 0.00000e+00
 0.00000e+00
 0.00000e+00
 0.00000e+00
 0.00000e+00
 0.00000e+00
-6.76830e-01
-1.26878e+00
-1.63466e+00
-1.79253e+00
-1.94678e+00
-2.00549e+00
-1.99086e+00
-2.06126e+00
-1.85150e+00
-2.05944e+00
-1.99183e+00
-2.00247e+00
-1.95616e+00
-1.74124e+00
-1.42790e+00
-1.01972e+00
-5.07439e-01
-1.98844e+00
-1.98382e+00
-1.98429e+00
 1.99767e+00
 1.98762e+00
 1.96533e+00
-1.99184e+00
-1.98939e+00
-1.96816e+00
 1.98848e+00
 1.98822e+00
 1.96816e+00
-1.87381e+00
-1.92660e+00
 1.89654e+00
 1.92348e+00
-1.88569e+00
-1.93062e+00
 1.84430e+00
 1.91835e+00
-1.61795e+00
-1.72592e+00
-1.86735e+00
-1.26745e+00
 3.85290e-02
 2.11230e-02
 1.31520e+00
 1.87165e+00
 1.73483e+00
 1.62226e+00
 6.19000e-04
-1.29686e+00
-1.87518e+00
-1.72557e+00
 1.73432e+00
 1.87132e+00
 1.28725e+00
-1.11491e+00
-1.49256e+00
-9.76673e-01
-6.29706e-01
-1.00236e+00
-3.72654e-01
 7.81900e-03
 1.47670e-02
-1.70241e+00
-1.17808e+00
-1.54974e+00
 1.25910e-02
-6.30862e-01
-1.92162e+00
-1.74040e+00
-1.30728e+00
-6.98604e-01
 2.32110e-02
 3.94994e-01
 6.44647e-01
 1.02968e+00
 1.00059e+00
 1.24805e+00
 1.41902e+00
 1.28371e+00
 6.75351e-01
 1.68349e+00
 1.60719e+00
 7.44011e-01
 1.33842e+00
 1.76730e+00
 1.96059e+00
-1.92737e+00
-1.32409e+00
-1.74973e+00
-1.69600e-03
-7.21118e-01
-1.72889e+00
-1.43207e+00
-1.54467e+00
-1.25435e+00
-9.98011e-01
-6.53167e-01
 7.87500e-03
 8.28000e-03
-1.05478e+00
-6.08612e-01
-9.32759e-01
 2.66900e-03
-3.71329e-01
 1.31809e+00
 7.16889e-01
 1.92393e+00
 1.74455e+00
 6.74788e-01
 1.27870e+00
 1.02169e+00
 1.56129e+00
 1.75065e+00
 1.46953e+00
 6.23426e-01
 3.79583e-01
 1.08920e+00
 9.59243e-01
-6.91949e-01
-5.94824e-01
-5.42178e-01
-4.31014e-01
-2.93771e-01
-2.90914e-01
-2.07485e-01
-9.79290e-02
 1.51500e-03
-1.80767e+00
-1.64388e+00
-1.81474e+00
-1.24811e+00
-1.48468e+00
-6.69537e-01
-9.89662e-01
 8.02900e-03
-3.41307e-01
-1.97720e+00
-1.93387e+00
-1.80578e+00
-1.59061e+00
-1.34016e+00
-1.04761e+00
-7.15778e-01
-3.57615e-01
 1.25070e-02
 1.01116e-01
 2.09284e-01
 2.94535e-01
 3.63007e-01
 4.44280e-01
 5.14552e-01
 5.15436e-01
 9.05944e-01
 6.94058e-01
 3.61816e-01
 1.28299e+00
 1.02499e+00
 1.60230e+00
 1.48215e+00
 1.79872e+00
 1.81956e+00
 3.85007e-01
 7.40473e-01
 1.07221e+00
 1.35919e+00
 1.60647e+00
 1.81438e+00
 1.93695e+00
 1.97329e+00
-1.98120e+00
-1.81251e+00
-1.93602e+00
-1.34249e+00
-1.59802e+00
-7.29766e-01
-1.05396e+00
-1.41940e-02
-3.78928e-01
-1.84284e+00
-1.78053e+00
-1.56752e+00
-1.46589e+00
-1.26349e+00
-1.01147e+00
-6.80762e-01
-3.50452e-01
 5.11000e-03
-8.83009e-01
-4.38464e-01
-5.99388e-01
-2.91244e-01
-4.36449e-01
-2.04866e-01
-2.85693e-01
 6.31000e-04
-9.76260e-02
 7.14663e-01
 3.59756e-01
 1.33946e+00
 1.04842e+00
 1.80581e+00
 1.59117e+00
 1.97743e+00
 1.93246e+00
 3.58211e-01
 6.94068e-01
 1.02946e+00
 1.29128e+00
 1.48591e+00
 1.58016e+00
 1.77585e+00
 1.82305e+00
 2.06913e-01
 9.85540e-02
 2.88114e-01
 2.88517e-01
 5.25810e-01
 4.22243e-01
 6.76483e-01
 5.80128e-01
-1.90690e+00
-1.93588e+00
-1.86957e+00
-1.72841e+00
-1.88469e+00
-1.91856e+00
-1.78425e+00
-1.83531e+00
-1.56605e+00
-1.32200e+00
-1.60204e+00
-1.69328e+00
-1.34362e+00
-1.46956e+00
-1.04817e+00
-7.15462e-01
-1.08285e+00
-1.22638e+00
-7.30590e-01
-8.95030e-01
-3.73538e-01
-1.31000e-04
-4.03517e-01
-5.81420e-01
-8.36700e-03
-1.87509e-01
-1.98241e+00
-1.95747e+00
-1.89938e+00
-1.84801e+00
-1.79569e+00
-1.69644e+00
-1.58549e+00
-1.47237e+00
-1.34377e+00
-1.20107e+00
-1.04523e+00
-8.88024e-01
-7.20646e-01
-5.40001e-01
-3.55265e-01
-1.73789e-01
 8.60800e-03
 3.58345e-01
 7.20139e-01
 3.36322e-01
 1.50820e-01
 7.17334e-01
 5.49567e-01
 1.04001e+00
 1.32468e+00
 1.02832e+00
 8.63255e-01
 1.33662e+00
 1.20542e+00
 1.56058e+00
 1.72144e+00
 1.59099e+00
 1.45113e+00
 1.78671e+00
 1.69248e+00
 1.87576e+00
 1.90790e+00
 1.89207e+00
 1.84084e+00
 1.93799e+00
 1.93761e+00
 2.01184e-01
 3.87797e-01
 5.67080e-01
 7.38091e-01
 9.14385e-01
 1.07515e+00
 1.22519e+00
 1.35896e+00
 1.49152e+00
 1.60368e+00
 1.70747e+00
 1.80411e+00
 1.85599e+00
 1.90581e+00
 1.96125e+00
 1.98272e+00
-1.98299e+00
-1.90611e+00
-1.96308e+00
-1.80272e+00
-1.85446e+00
-1.59390e+00
-1.70202e+00
-1.32420e+00
-1.47680e+00
-1.04771e+00
-1.17538e+00
-7.32203e-01
-8.95184e-01
-3.79124e-01
-5.52067e-01
-4.02680e-02
-2.22233e-01
-1.94713e+00
-1.91396e+00
-1.93883e+00
-1.89066e+00
-1.85532e+00
-1.83572e+00
-1.77857e+00
-1.70202e+00
-1.69156e+00
-1.60428e+00
-1.55755e+00
-1.47393e+00
-1.34985e+00
-1.32261e+00
-1.23930e+00
-1.09505e+00
-1.05714e+00
-9.01534e-01
-7.34230e-01
-7.25875e-01
-5.87892e-01
-4.10033e-01
-3.80493e-01
-1.85100e-01
-1.75200e-03
-4.54300e-03
 3.62672e-01
 1.84987e-01
 6.94375e-01
 5.18358e-01
 1.04402e+00
 8.90020e-01
 1.32265e+00
 1.17207e+00
 1.59162e+00
 1.48164e+00
 1.78714e+00
 1.68527e+00
 1.90411e+00
 1.85151e+00
 1.98056e+00
 1.96148e+00
 1.53267e-01
 3.33330e-01
 3.55376e-01
 5.54831e-01
 7.33489e-01
 7.26341e-01
 9.06571e-01
 1.09597e+00
 1.06641e+00
 1.24628e+00
 1.35671e+00
 1.33605e+00
 1.46344e+00
 1.59861e+00
 1.56588e+00
 1.70241e+00
 1.79197e+00
 1.71289e+00
 1.84524e+00
 1.89391e+00
 1.87452e+00
 1.93993e+00
 1.93764e+00
 1.89561e+00
-1.95335e+00
-1.92206e+00
-1.88151e+00
-1.84123e+00
-1.76843e+00
-1.67057e+00
-1.57413e+00
-1.46736e+00
-1.34725e+00
-1.18142e+00
-1.03105e+00
-8.86242e-01
-7.25646e-01
-5.19988e-01
-3.38315e-01
-1.74698e-01
 3.78600e-03
 2.19199e-01
 4.05457e-01
 5.64039e-01
 7.34458e-01
 9.27961e-01
 1.09065e+00
 1.22033e+00
 1.35762e+00
 1.50306e+00
 1.60230e+00
 1.67703e+00
 1.77434e+00
 1.84850e+00
 1.88836e+00
 1.92959e+00
 1.96223e+00
-1.96483e+00
-1.93126e+00
-1.88830e+00
-1.84660e+00
-1.77058e+00
-1.67345e+00
-1.57900e+00
-1.47576e+00
-1.37111e+00
-1.21266e+00
-1.03691e+00
-8.92725e-01
-7.33069e-01
-5.28985e-01
-3.50337e-01
-1.56090e-01
 2.39800e-02
 2.17589e-01
 3.94951e-01
 5.84389e-01
 7.56229e-01
 8.99367e-01
 1.03654e+00
 1.21280e+00
 1.37676e+00
 1.50756e+00
 1.60003e+00
 1.69984e+00
 1.78594e+00
 1.84841e+00
 1.88835e+00
 1.93083e+00
 1.96398e+00
-7.17980e-01
 7.60392e-01
-7.31190e-01
 7.47826e-01
