thickness
part 1
quad4
 9.07029e-01 9.07029e-01 9.07029e-01 9.07029e-01 9.07029e-01 9.07029e-01
 9.07029e-01 9.07029e-01 9.07029e-01 9.07029e-01 9.07029e-01 9.07029e-01
 9.07029e-01 9.07029e-01 9.07029e-01 9.07029e-01 9.07029e-01 9.07029e-01
 9.07029e-01 9.07029e-01 9.07029e-01 9.07029e-01 9.07029e-01 9.07029e-01
 9.07029e-01 9.07029e-01 9.07029e-01 9.07029e-01 9.07029e-01 9.07029e-01
 9.07029e-01 9.07029e-01 9.07029e-01 9.07029e-01 9.07029e-01 9.07029e-01
 9.07029e-01 9.07029e-01 9.07029e-01 9.07029e-01 9.07029e-01 9.07029e-01
 9.07029e-01 9.07029e-01 9.07029e-01 9.07029e-01 9.07029e-01 9.07029e-01
 9.07029e-01 9.07029e-01 9.07029e-01 9.07029e-01 9.07029e-01 9.07029e-01
 9.07029e-01 9.07029e-01 9.07029e-01 9.07029e-01 9.07029e-01 9.07029e-01
 9.07029e-01 9.07029e-01 9.07029e-01 9.07029e-01 9.07029e-01 9.07029e-01
 9.07029e-01 9.07029e-01 9.07029e-01 9.07029e-01 9.07029e-01 9.07029e-01
 9.07029e-01 9.07029e-01 9.07029e-01 9.07029e-01 9.07029e-01 9.07029e-01
 9.07029e-01 9.07029e-01 9.07029e-01 9.07029e-01 9.07029e-01 9.07029e-01
 9.07029e-01 9.07029e-01 9.07029e-01 9.07029e-01 9.07029e-01 9.07029e-01
 9.07029e-01 9.07029e-01 9.07029e-01 9.07029e-01 9.07029e-01 9.07029e-01
 9.07029e-01 9.07029e-01 9.07029e-01 9.07029e-01 9.07029e-01 9.07029e-01
 9.07029e-01 9.07029e-01 9.07029e-01 9.07029e-01 9.07029e-01 9.07029e-01
 9.07029e-01 9.07029e-01 9.07029e-01 9.07029e-01 9.07029e-01 9.07029e-01
 9.07029e-01 9.07029e-01 9.07029e-01 9.07029e-01 9.07029e-01 9.07029e-01
 9.07029e-01 9.07029e-01 9.07029e-01 9.07029e-01 9.07029e-01 9.07029e-01
 9.07029e-01 9.07029e-01 9.07029e-01
tria3
 6.75982e-01 6.79165e-01 6.79126e-01 6.81478e-01 6.84119e-01 6.80832e-01
 6.75583e-01 6.78697e-01 6.80298e-01 6.83705e-01 6.84803e-01 6.78779e-01
 6.75748e-01 6.78935e-01 6.80706e-01 6.84031e-01 6.84673e-01 6.78893e-01
 6.75582e-01 6.78617e-01 6.78697e-01 6.81307e-01 6.83663e-01 6.80217e-01
 7.19629e-01 7.03539e-01 7.22064e-01 7.13957e-01 7.04044e-01 7.25095e-01
 7.23473e-01 7.07851e-01 6.88092e-01 6.80420e-01 6.80324e-01 6.82754e-01
 6.86534e-01 6.83406e-01 6.84373e-01 6.89585e-01 6.72929e-01 6.74277e-01
 6.74525e-01 6.73054e-01 6.74308e-01 6.76506e-01 6.75427e-01 6.76397e-01
 6.76077e-01 6.76665e-01 6.78238e-01 6.78282e-01 7.24692e-01 7.25523e-01
 7.08641e-01 7.09402e-01 7.22966e-01 7.04515e-01 6.95661e-01 7.05978e-01
 6.84481e-01 6.83729e-01 6.90055e-01 6.82828e-01 6.80561e-01 6.86754e-01
 6.79771e-01 6.84582e-01 6.75101e-01 6.76434e-01 6.76184e-01 6.72476e-01
 6.74124e-01 6.73884e-01 6.74039e-01 6.72450e-01 6.76452e-01 6.75765e-01
 6.77872e-01 6.78085e-01 6.78275e-01 6.78358e-01 6.76737e-01 6.75980e-01
 6.74126e-01 6.72673e-01 6.72819e-01 6.74310e-01 6.74040e-01 6.75253e-01
 6.76421e-01 6.76221e-01 6.76860e-01 6.83420e-01 6.83654e-01 6.82544e-01
 6.89172e-01 6.84794e-01 6.84037e-01 6.90583e-01 6.96028e-01 7.10989e-01
 7.16853e-01 7.23481e-01 7.06827e-01 7.24872e-01 7.26244e-01 7.09247e-01
 6.77825e-01 6.78078e-01 6.75687e-01 6.76330e-01 6.76399e-01 6.75189e-01
 6.76162e-01 6.74277e-01 6.72836e-01 6.74005e-01 6.72710e-01 6.73984e-01
 6.83724e-01 6.84785e-01 6.90350e-01 6.80520e-01 6.83050e-01 6.87301e-01
 6.89361e-01 6.80964e-01 7.26161e-01 7.24662e-01 7.08938e-01 7.23340e-01
 7.15507e-01 7.05241e-01 7.21487e-01 7.05067e-01 7.61512e-01 7.38943e-01
 7.55875e-01 7.51751e-01 7.42854e-01 7.69560e-01 7.57973e-01 7.51246e-01
 7.57245e-01 7.66413e-01 7.49508e-01 7.67944e-01 7.61018e-01 7.54318e-01
 6.75564e-01 6.74690e-01 6.74087e-01 6.74644e-01 6.75125e-01 6.75120e-01
 6.75688e-01 6.76218e-01 6.76064e-01 6.77010e-01 6.77247e-01 6.77279e-01
 6.77230e-01 6.77897e-01 6.71515e-01 6.71963e-01 6.72015e-01 6.71520e-01
 6.72038e-01 6.74109e-01 6.72754e-01 6.73623e-01 6.75105e-01 6.74556e-01
 6.74973e-01 6.75942e-01 6.75408e-01 6.75792e-01 7.62353e-01 7.68128e-01
 7.54930e-01 7.66892e-01 7.62034e-01 7.54003e-01 7.58528e-01 7.66557e-01
 7.51943e-01 7.24646e-01 7.57317e-01 7.47525e-01 7.21159e-01 7.42956e-01
 6.77279e-01 6.77508e-01 6.78054e-01 6.77249e-01 6.75859e-01 6.77265e-01
 6.75236e-01 6.74901e-01 6.75855e-01 6.74390e-01 6.73905e-01 6.75280e-01
 6.72888e-01 6.74426e-01 6.75327e-01 6.75942e-01 6.75720e-01 6.74383e-01
 6.74982e-01 6.74745e-01 6.72572e-01 6.73943e-01 6.73328e-01 6.70819e-01
 6.71724e-01 6.71453e-01 6.71433e-01 6.70825e-01 6.71730e-01 6.71283e-01
 6.71308e-01 6.71812e-01 6.71822e-01 6.72577e-01 6.73994e-01 6.73465e-01
 6.74453e-01 6.75003e-01 6.74867e-01 6.75315e-01 6.75878e-01 6.75722e-01
 6.72871e-01 6.74204e-01 6.75470e-01 6.74044e-01 6.75825e-01 6.75348e-01
 6.75206e-01 6.76672e-01 6.77207e-01 6.75927e-01 6.77341e-01 6.77215e-01
 6.77440e-01 6.78026e-01 7.27805e-01 7.44143e-01 7.47461e-01 7.60099e-01
 7.43214e-01 7.59773e-01 7.66415e-01 7.48790e-01 7.66854e-01 7.58288e-01
 7.50620e-01 7.61958e-01 7.68528e-01 7.55357e-01 6.75882e-01 6.75323e-01
 6.75704e-01 6.75022e-01 6.74470e-01 6.74853e-01 6.73994e-01 6.72596e-01
 6.73465e-01 6.71845e-01 6.71369e-01 6.71858e-01 6.71377e-01 6.71810e-01
 6.77479e-01 6.77228e-01 6.78031e-01 6.75866e-01 6.77255e-01 6.77274e-01
 6.76241e-01 6.75240e-01 6.75050e-01 6.73695e-01 6.75048e-01 6.75075e-01
 6.75452e-01 6.73627e-01 7.68549e-01 7.61911e-01 7.55295e-01 7.58220e-01
 7.67317e-01 7.50634e-01 7.70402e-01 7.59161e-01 7.52397e-01 7.57213e-01
 7.53507e-01 7.44463e-01 7.63181e-01 7.40971e-01 7.82153e-01 8.08945e-01
 8.02520e-01 7.76756e-01 7.78510e-01 8.02115e-01 8.04669e-01 7.80608e-01
 7.92960e-01 8.09763e-01 7.90207e-01 8.03779e-01 7.79041e-01 7.95098e-01
 8.05595e-01 7.82814e-01 7.87105e-01 8.06915e-01 6.73213e-01 6.71940e-01
 6.71493e-01 6.71413e-01 6.72109e-01 6.72438e-01 6.73099e-01 6.72377e-01
 6.71589e-01 6.71648e-01 6.71528e-01 6.71851e-01 6.72006e-01 6.72133e-01
 6.73086e-01 6.73575e-01 6.74479e-01 6.73460e-01 6.72350e-01 6.72560e-01
 6.72426e-01 6.72754e-01 6.73298e-01 6.72993e-01 6.74247e-01 6.74855e-01
 6.75556e-01 6.74617e-01 6.73506e-01 6.73769e-01 6.73613e-01 6.73971e-01
 6.74456e-01 6.74184e-01 6.75154e-01 6.75825e-01 6.76149e-01 6.75294e-01
 6.74589e-01 6.74654e-01 6.74587e-01 6.74721e-01 6.74927e-01 6.74793e-01
 6.70447e-01 6.70845e-01 6.71284e-01 6.70835e-01 6.70907e-01 6.72262e-01
 6.72022e-01 6.71670e-01 6.73140e-01 6.72475e-01 6.72752e-01 6.73986e-01
 6.73400e-01 6.73702e-01 6.74474e-01 6.74191e-01 6.74355e-01 6.75074e-01
 6.74675e-01 6.74867e-01 6.75425e-01 6.75233e-01 6.75330e-01 6.75695e-01
 6.75471e-01 6.75631e-01 8.07037e-01 7.87289e-01 7.84131e-01 8.06127e-01
 8.05599e-01 7.83812e-01 7.86467e-01 8.06317e-01 8.06293e-01 7.86132e-01
 7.81249e-01 8.04792e-01 8.02897e-01 7.80038e-01 7.87429e-01 8.06463e-01
 8.06471e-01 7.62581e-01 6.75379e-01 6.76198e-01 6.76008e-01 6.75300e-01
 6.74937e-01 6.74802e-01 6.74840e-01 6.74768e-01 6.74746e-01 6.74727e-01
 6.74822e-01 6.75748e-01 6.74795e-01 6.74389e-01 6.74635e-01 6.74202e-01
 6.74398e-01 6.73986e-01 6.73592e-01 6.73749e-01 6.73309e-01 6.74172e-01
 6.73509e-01 6.72980e-01 6.73370e-01 6.72874e-01 6.73071e-01 6.72677e-01
 6.72493e-01 6.72545e-01 6.72334e-01 6.73028e-01 6.72308e-01 6.72079e-01
 6.72349e-01 6.72039e-01 6.72220e-01 6.71842e-01 6.71750e-01 6.71820e-01
 6.71761e-01 6.72016e-01 6.71517e-01 6.71665e-01 6.75499e-01 6.75715e-01
 6.75651e-01 6.75226e-01 6.75426e-01 6.75313e-01 6.74636e-01 6.75088e-01
 6.74829e-01 6.74161e-01 6.74403e-01 6.74276e-01 6.73371e-01 6.73986e-01
 6.73662e-01 6.72474e-01 6.73096e-01 6.72713e-01 6.71486e-01 6.72244e-01
 6.71962e-01 6.70426e-01 6.71015e-01 6.70531e-01 6.70432e-01 6.70568e-01
 6.70683e-01 6.70625e-01 6.70741e-01 6.71073e-01 6.70665e-01 6.71474e-01
 6.72062e-01 6.71826e-01 6.72287e-01 6.72965e-01 6.72586e-01 6.73230e-01
 6.73831e-01 6.73570e-01 6.74091e-01 6.74401e-01 6.74287e-01 6.74572e-01
 6.74972e-01 6.74764e-01 6.75126e-01 6.75320e-01 6.75229e-01 6.75393e-01
 6.75568e-01 6.75566e-01 6.70859e-01 6.71028e-01 6.71337e-01 6.72079e-01
 6.71644e-01 6.71243e-01 6.71575e-01 6.72190e-01 6.71835e-01 6.71945e-01
 6.72596e-01 6.72249e-01 6.72642e-01 6.73597e-01 6.72481e-01 6.72321e-01
 6.72456e-01 6.73197e-01 6.72679e-01 6.72913e-01 6.73766e-01 6.72987e-01
 6.73245e-01 6.74166e-01 6.73744e-01 6.73413e-01 6.73551e-01 6.74419e-01
 6.73956e-01 6.74180e-01 6.74745e-01 6.74248e-01 6.74665e-01 6.75626e-01
 6.74577e-01 6.74539e-01 6.74540e-01 6.74831e-01 6.74650e-01 6.74720e-01
 6.75859e-01 6.75137e-01 6.75244e-01 6.76103e-01 8.08423e-01 7.63799e-01
 7.85836e-01 8.05835e-01 8.05942e-01 7.86490e-01 7.86396e-01 7.99322e-01
 7.98710e-01 7.89711e-01 7.90179e-01 8.03656e-01 7.95438e-01 7.79781e-01
 7.83450e-01 8.05985e-01 8.07255e-01 7.87529e-01 6.75544e-01 6.75375e-01
 6.75548e-01 6.75369e-01 6.75191e-01 6.75303e-01 6.75005e-01 6.74598e-01
 6.74816e-01 6.74426e-01 6.74119e-01 6.74320e-01 6.73855e-01 6.73217e-01
 6.73579e-01 6.72965e-01 6.72330e-01 6.72613e-01 6.72065e-01 6.71797e-01
 6.71478e-01 6.71030e-01 6.70647e-01 6.70791e-01 6.70636e-01 6.70753e-01
 6.74667e-01 6.74810e-01 6.74715e-01 6.74678e-01 6.74665e-01 6.74648e-01
 6.76116e-01 6.75274e-01 6.75209e-01 6.75948e-01 6.74039e-01 6.74538e-01
 6.74289e-01 6.73418e-01 6.73808e-01 6.73603e-01 6.75724e-01 6.74766e-01
 6.74311e-01 6.74768e-01 6.72706e-01 6.73193e-01 6.72929e-01 6.72290e-01
 6.72507e-01 6.72459e-01 6.74142e-01 6.73236e-01 6.72965e-01 6.73681e-01
 6.71675e-01 6.71809e-01 6.72086e-01 6.71605e-01 6.71505e-01 6.71414e-01
 6.73465e-01 6.72489e-01 6.72234e-01 6.72755e-01 6.71433e-01 6.71188e-01
 6.72687e-01 6.71994e-01 7.87550e-01 8.07372e-01 8.06011e-01 7.83395e-01
 7.79704e-01 7.95593e-01 7.90791e-01 8.04070e-01 7.93400e-01 8.09827e-01
 8.04905e-01 7.81434e-01 7.79486e-01 8.02490e-01 8.03040e-01 7.78121e-01
 8.09373e-01 7.83486e-01 6.71375e-01 6.71202e-01 6.71072e-01 6.70435e-01
 6.71427e-01 6.71393e-01 6.71713e-01 6.71563e-01 6.70762e-01 6.71279e-01
 6.71716e-01 6.71418e-01 6.71919e-01 6.71972e-01 6.72215e-01 6.72179e-01
 6.71935e-01 6.72051e-01 6.72312e-01 6.72237e-01 6.72481e-01 6.72321e-01
 6.72858e-01 6.72643e-01 6.72539e-01 6.72611e-01 6.72834e-01 6.73051e-01
 6.73041e-01 6.72953e-01 6.73289e-01 6.73211e-01 6.73312e-01 6.73238e-01
 6.73408e-01 6.73753e-01 6.73676e-01 6.73498e-01 6.74074e-01 6.73840e-01
 6.73959e-01 6.73869e-01 6.74120e-01 6.74360e-01 6.74274e-01 6.74181e-01
 6.74454e-01 6.74400e-01 6.74561e-01 6.74466e-01 6.74592e-01 6.74906e-01
 6.74714e-01 6.74588e-01 6.74951e-01 6.74783e-01 6.75066e-01 6.74933e-01
 6.75077e-01 6.75278e-01 6.74946e-01 6.74932e-01 6.74926e-01 6.74944e-01
 6.75324e-01 6.75144e-01 6.75141e-01 6.75413e-01 6.74994e-01 6.74936e-01
 6.75054e-01 6.74956e-01 6.75433e-01 6.75201e-01 6.75211e-01 6.75359e-01
 6.74886e-01 6.74950e-01 6.74714e-01 6.74766e-01 6.75286e-01 6.75054e-01
 6.74934e-01 6.75098e-01 6.74542e-01 6.74603e-01 6.74333e-01 6.74378e-01
 6.74960e-01 6.74683e-01 6.74515e-01 6.74553e-01 6.73929e-01 6.74098e-01
 6.73609e-01 6.73712e-01 6.74320e-01 6.74052e-01 6.73835e-01 6.73968e-01
 6.73307e-01 6.73387e-01 6.73081e-01 6.73095e-01 6.73793e-01 6.73477e-01
 6.73289e-01 6.73323e-01 6.72912e-01 6.72728e-01 6.72445e-01 6.72547e-01
 6.73048e-01 6.72844e-01 6.72639e-01 6.72561e-01 6.72250e-01 6.72343e-01
 6.71975e-01 6.72061e-01 6.72346e-01 6.72229e-01 6.72048e-01 6.71883e-01
 6.71783e-01 6.71671e-01 6.71541e-01 6.71471e-01 6.71706e-01 6.71315e-01
 6.71191e-01 6.70959e-01 6.71433e-01 6.71463e-01 6.70598e-01 6.71184e-01
 6.70662e-01 6.71009e-01 6.71175e-01 6.70983e-01 6.71100e-01 6.70917e-01
 6.71573e-01 6.71253e-01 6.71109e-01 6.71284e-01 6.71616e-01 6.71481e-01
 6.71869e-01 6.71744e-01 6.72125e-01 6.72037e-01 6.71791e-01 6.71846e-01
 6.72011e-01 6.72041e-01 6.72438e-01 6.72347e-01 6.72870e-01 6.72670e-01
 6.72162e-01 6.72336e-01 6.72715e-01 6.72518e-01 6.73075e-01 6.73135e-01
 6.73560e-01 6.73232e-01 6.72830e-01 6.72906e-01 6.73062e-01 6.73168e-01
 6.73705e-01 6.73979e-01 6.74297e-01 6.74072e-01 6.73383e-01 6.73565e-01
 6.74019e-01 6.73787e-01 6.74383e-01 6.74468e-01 6.74809e-01 6.74503e-01
 6.74133e-01 6.74210e-01 6.74330e-01 6.74387e-01 6.74823e-01 6.74962e-01
 6.75167e-01 6.74964e-01 6.74506e-01 6.74615e-01 6.74848e-01 6.74685e-01
 6.75124e-01 6.75239e-01 6.75132e-01 6.75278e-01 6.74849e-01 6.74918e-01
 6.74888e-01 6.74804e-01 6.75028e-01 6.75229e-01 6.75221e-01 6.75061e-01
 6.74783e-01 6.74823e-01 6.74917e-01 6.74803e-01 6.75051e-01 6.75215e-01
 6.74873e-01 6.75093e-01 6.74851e-01 6.74852e-01 6.74715e-01 6.74612e-01
 6.74538e-01 6.74824e-01 6.74488e-01 6.74417e-01 6.74472e-01 6.74383e-01
 6.74262e-01 6.74186e-01 6.74099e-01 6.74316e-01 6.73729e-01 6.74008e-01
 6.74053e-01 6.73822e-01 6.73590e-01 6.73390e-01 6.73250e-01 6.73581e-01
 6.73122e-01 6.73084e-01 6.73166e-01 6.73077e-01 6.72874e-01 6.72882e-01
 6.72672e-01 6.72869e-01 6.72295e-01 6.72484e-01 6.72716e-01 6.72523e-01
 6.72291e-01 6.72106e-01 6.72070e-01 6.71995e-01 6.71671e-01 6.71784e-01
 6.71944e-01 6.71904e-01 6.71682e-01 6.71727e-01 6.71487e-01 6.71165e-01
 6.70609e-01 6.71009e-01 6.71506e-01 6.71381e-01 6.71206e-01 6.71167e-01
 6.70996e-01 6.70834e-01 6.71197e-01 6.71250e-01
