thickness
 9.07029e-01 9.07029e-01 9.07029e-01 9.07029e-01 9.07029e-01 9.07029e-01
 9.07029e-01 9.07029e-01 9.07029e-01 9.07029e-01 9.07029e-01 9.07029e-01
 9.07029e-01 9.07029e-01 9.07029e-01 9.07029e-01 9.07029e-01 9.07029e-01
 9.07029e-01 9.07029e-01 9.07029e-01 9.07029e-01 9.07029e-01 9.07029e-01
 9.07029e-01 9.07029e-01 9.07029e-01 9.07029e-01 9.07029e-01 9.07029e-01
 9.07029e-01 9.07029e-01 9.07029e-01 9.07029e-01 9.07029e-01 9.07029e-01
 9.07029e-01 9.07029e-01 9.07029e-01 9.07029e-01 9.07029e-01 9.07029e-01
 9.07029e-01 9.07029e-01 9.07029e-01 9.07029e-01 9.07029e-01 9.07029e-01
 9.07029e-01 9.07029e-01 9.07029e-01 9.07029e-01 9.07029e-01 9.07029e-01
 9.07029e-01 9.07029e-01 9.07029e-01 9.07029e-01 9.07029e-01 9.07029e-01
 9.07029e-01 9.07029e-01 9.07029e-01 9.07029e-01 9.07029e-01 9.07029e-01
 9.07029e-01 9.07029e-01 9.07029e-01 9.07029e-01 9.07029e-01 9.07029e-01
 9.07029e-01 9.07029e-01 9.07029e-01 9.07029e-01 9.07029e-01 9.07029e-01
 9.07029e-01 9.07029e-01 9.07029e-01 9.07029e-01 9.07029e-01 9.07029e-01
 9.07029e-01 9.07029e-01 9.07029e-01 9.07029e-01 9.07029e-01 9.07029e-01
 9.07029e-01 9.07029e-01 9.07029e-01 9.07029e-01 9.07029e-01 9.07029e-01
 9.07029e-01 9.07029e-01 9.07029e-01 9.07029e-01 9.07029e-01 9.07029e-01
 9.07029e-01 9.07029e-01 9.07029e-01 9.07029e-01 9.07029e-01 9.07029e-01
 9.07029e-01 9.07029e-01 9.07029e-01 9.07029e-01 9.07029e-01 9.07029e-01
 9.07029e-01 9.07029e-01 9.07029e-01 9.07029e-01 9.07029e-01 9.07029e-01
 9.07029e-01 9.07029e-01 9.07029e-01 9.07029e-01 9.07029e-01 9.07029e-01
 9.07029e-01 9.07029e-01 9.07029e-01 9.07029e-01 9.07029e-01 9.07029e-01
 9.07029e-01 9.07029e-01 9.07029e-01 9.07029e-01 9.07029e-01 9.07029e-01
 9.07029e-01 9.07029e-01 9.07029e-01 9.07029e-01 9.07029e-01 9.07029e-01
 9.07029e-01 9.07029e-01 9.07029e-01 9.07029e-01 9.07029e-01 9.07029e-01
 9.07029e-01 9.07029e-01 9.07029e-01 9.07029e-01 9.07029e-01 9.07029e-01
 9.07029e-01 9.07029e-01 9.07029e-01 9.07029e-01 9.07029e-01 9.07029e-01
 9.07029e-01 9.07029e-01 9.07029e-01 9.07029e-01 9.07029e-01 9.07029e-01
 9.07029e-01 9.07029e-01 9.07029e-01 9.07029e-01 9.07029e-01 9.07029e-01
 9.07029e-01 9.07029e-01 8.36678e-01 8.35487e-01 7.98732e-01 8.33593e-01
 7.97518e-01 8.34963e-01 8.12800e-01 8.13982e-01 7.99230e-01 8.34150e-01
 8.03192e-01 8.33964e-01 8.00460e-01 8.33338e-01 8.02613e-01 8.34271e-01
 7.98110e-01 8.32221e-01 8.08808e-01 8.35991e-01 7.75118e-01 7.19486e-01
 6.88724e-01 6.74102e-01 6.71367e-01 6.72270e-01 6.76127e-01 6.75784e-01
 6.78086e-01 6.75761e-01 6.75901e-01 6.72219e-01 6.71133e-01 6.78711e-01
 6.99880e-01 7.38752e-01 7.92457e-01 8.40376e-01 7.99670e-01 8.33090e-01
 7.98020e-01 8.34493e-01 8.12785e-01 8.14213e-01 7.99618e-01 8.34393e-01
 8.03703e-01 8.34106e-01 7.99893e-01 8.13470e-01 8.13382e-01 8.11113e-01
 8.10412e-01 8.34799e-01 8.10092e-01 7.74800e-01 7.13648e-01 6.80904e-01
 6.73854e-01 6.70974e-01 6.72131e-01 6.76392e-01 6.76125e-01 6.77941e-01
 6.75898e-01 6.76289e-01 6.72411e-01 6.71408e-01 6.77375e-01 6.98361e-01
 7.36809e-01 7.91425e-01 6.70900e-01 6.70040e-01 6.70863e-01 6.70669e-01
 6.70853e-01 6.71435e-01 6.70690e-01 6.70854e-01 6.71076e-01 6.70782e-01
 6.70780e-01 6.71185e-01 6.72725e-01 6.71449e-01 6.71873e-01 6.71597e-01
 6.71826e-01 6.70705e-01 6.72956e-01 6.71158e-01 6.81008e-01 6.77810e-01
 6.74133e-01 6.76004e-01 6.77692e-01 6.87668e-01 6.75582e-01 6.73722e-01
 6.77446e-01 6.80386e-01 6.77568e-01 6.75695e-01 6.73856e-01 6.77693e-01
 6.77328e-01 6.73831e-01 6.75587e-01 7.23716e-01 6.88541e-01 7.29614e-01
 7.42599e-01 6.93977e-01 7.33842e-01 7.45708e-01 6.95735e-01 6.75346e-01
 6.77198e-01 6.77086e-01 6.78343e-01 6.79042e-01 6.72244e-01 6.72787e-01
 6.74784e-01 6.75493e-01 6.76332e-01 7.35125e-01 7.43886e-01 6.95064e-01
 7.29949e-01 7.09724e-01 6.88533e-01 6.76756e-01 6.79366e-01 6.76487e-01
 6.76664e-01 6.75279e-01 6.74441e-01 6.72348e-01 6.71359e-01 6.72032e-01
 6.74665e-01 6.72570e-01 6.76296e-01 6.75400e-01 6.75824e-01 6.93533e-01
 6.78277e-01 6.76978e-01 6.95706e-01 6.79426e-01 6.78337e-01 6.96618e-01
 7.25787e-01 7.43494e-01 7.31241e-01 7.46699e-01 7.35416e-01 6.74649e-01
 6.75332e-01 6.72081e-01 6.72597e-01 6.79401e-01 6.76739e-01 6.95032e-01
 6.77379e-01 6.74687e-01 6.89493e-01 7.43789e-01 7.35165e-01 7.25829e-01
 7.31200e-01 7.56303e-01 7.75233e-01 7.62779e-01 7.81526e-01 7.84555e-01
 7.72084e-01 7.65808e-01 7.83403e-01 7.74719e-01 6.73972e-01 6.73903e-01
 6.72943e-01 6.75495e-01 6.74370e-01 6.76487e-01 6.75499e-01 6.77040e-01
 6.76307e-01 6.71233e-01 6.71084e-01 6.72175e-01 6.73300e-01 6.74245e-01
 6.74641e-01 6.75180e-01 6.75550e-01 6.75945e-01 7.83956e-01 7.67977e-01
 7.82999e-01 7.73790e-01 7.81994e-01 7.63642e-01 7.78360e-01 7.34265e-01
 6.76707e-01 6.76453e-01 6.75148e-01 6.75674e-01 6.74144e-01 6.73804e-01
 6.72688e-01 6.72362e-01 6.75550e-01 6.75152e-01 6.74514e-01 6.74193e-01
 6.73194e-01 6.72172e-01 6.70653e-01 6.70446e-01 6.71027e-01 6.72001e-01
 6.70865e-01 6.74158e-01 6.73160e-01 6.75074e-01 6.74536e-01 6.75869e-01
 6.75470e-01 6.72934e-01 6.73374e-01 6.74760e-01 6.73880e-01 6.75186e-01
 6.75619e-01 6.76578e-01 6.76315e-01 6.76992e-01 7.43981e-01 7.76442e-01
 7.72615e-01 7.84117e-01 7.71635e-01 7.66500e-01 7.72950e-01 7.74926e-01
 7.83957e-01 6.75155e-01 6.75483e-01 6.74184e-01 6.74578e-01 6.72043e-01
 6.73149e-01 6.71129e-01 6.70896e-01 6.76355e-01 6.76681e-01 6.75682e-01
 6.75177e-01 6.73806e-01 6.74604e-01 6.73160e-01 6.73236e-01 7.66547e-01
 7.84021e-01 7.85213e-01 7.72948e-01 7.64080e-01 7.82203e-01 7.58332e-01
 7.76360e-01 6.71646e-01 6.71383e-01 6.71739e-01 6.72451e-01 6.71743e-01
 6.71462e-01 6.72208e-01 6.72072e-01 6.72437e-01 6.73572e-01 6.72852e-01
 6.72390e-01 6.73349e-01 6.72971e-01 6.73669e-01 6.74681e-01 6.74041e-01
 6.73597e-01 6.74483e-01 6.74203e-01 6.74475e-01 6.75101e-01 6.74882e-01
 6.74604e-01 6.74874e-01 6.74805e-01 6.70403e-01 6.71019e-01 6.71750e-01
 6.72140e-01 6.72470e-01 6.72780e-01 6.73339e-01 6.73563e-01 6.74151e-01
 6.74178e-01 6.74603e-01 6.74780e-01 6.75260e-01 6.75259e-01 6.75466e-01
 6.75397e-01 6.75741e-01 6.74584e-01 6.74864e-01 6.74987e-01 6.74835e-01
 6.74641e-01 6.74733e-01 6.73929e-01 6.73564e-01 6.74276e-01 6.74400e-01
 6.73458e-01 6.73753e-01 6.72559e-01 6.72579e-01 6.72976e-01 6.73089e-01
 6.72405e-01 6.72496e-01 6.72062e-01 6.71813e-01 6.71863e-01 6.72191e-01
 6.71586e-01 6.71601e-01 6.75458e-01 6.75491e-01 6.75236e-01 6.75289e-01
 6.74821e-01 6.74573e-01 6.74121e-01 6.74168e-01 6.73598e-01 6.73322e-01
 6.72772e-01 6.72477e-01 6.72081e-01 6.71633e-01 6.70761e-01 6.70181e-01
 6.70332e-01 6.71556e-01 6.70799e-01 6.72264e-01 6.71919e-01 6.73138e-01
 6.72596e-01 6.73946e-01 6.73391e-01 6.74497e-01 6.74169e-01 6.75159e-01
 6.74683e-01 6.75347e-01 6.75144e-01 6.75474e-01 6.75361e-01 6.70899e-01
 6.71479e-01 6.71351e-01 6.71687e-01 6.71894e-01 6.71923e-01 6.72018e-01
 6.72657e-01 6.72287e-01 6.72731e-01 6.72424e-01 6.72882e-01 6.73278e-01
 6.73432e-01 6.73528e-01 6.74010e-01 6.73694e-01 6.74164e-01 6.74411e-01
 6.74683e-01 6.74522e-01 6.74795e-01 6.74414e-01 6.74742e-01 6.74748e-01
 6.75002e-01 6.75352e-01 6.75291e-01 6.75145e-01 6.75272e-01 6.74501e-01
 6.74715e-01 6.73976e-01 6.74197e-01 6.73098e-01 6.73405e-01 6.72299e-01
 6.72647e-01 6.71494e-01 6.71854e-01 6.70346e-01 6.70700e-01 6.74678e-01
 6.74859e-01 6.74464e-01 6.74672e-01 6.74554e-01 6.74807e-01 6.74252e-01
 6.74058e-01 6.73807e-01 6.73558e-01 6.73251e-01 6.73444e-01 6.72885e-01
 6.72776e-01 6.72458e-01 6.72287e-01 6.71952e-01 6.72632e-01 6.71800e-01
 6.71548e-01 6.71675e-01 6.71292e-01 6.71274e-01 6.71868e-01 6.71335e-01
 6.71484e-01 6.71913e-01 6.72100e-01 6.72366e-01 6.72686e-01 6.73035e-01
 6.73115e-01 6.73547e-01 6.73883e-01 6.74299e-01 6.74319e-01 6.74677e-01
 6.74862e-01 6.75109e-01 6.74926e-01 6.75100e-01 6.75046e-01 6.75130e-01
 6.74795e-01 6.74770e-01 6.74457e-01 6.74266e-01 6.73768e-01 6.73614e-01
 6.73219e-01 6.73049e-01 6.72712e-01 6.72432e-01 6.72128e-01 6.71935e-01
 6.71551e-01 6.71262e-01 6.71098e-01 6.71404e-01 6.71758e-01 6.71929e-01
 6.72182e-01 6.72537e-01 6.72875e-01 6.72960e-01 6.73344e-01 6.73824e-01
 6.74224e-01 6.74241e-01 6.74584e-01 6.74740e-01 6.75009e-01 6.75001e-01
 6.74921e-01 6.74871e-01 6.75021e-01 6.74862e-01 6.74611e-01 6.74286e-01
 6.74249e-01 6.73851e-01 6.73361e-01 6.72983e-01 6.72863e-01 6.72507e-01
 6.72079e-01 6.71831e-01 6.71666e-01 6.71302e-01 6.71024e-01 6.83680e-01
 6.83062e-01 6.83416e-01 6.82936e-01
