BEGIN TIME STEP
thickness
part
         1
quad4
 9.07029e-01
 9.07029e-01
 9.07029e-01
 9.07029e-01
 9.07029e-01
 9.07029e-01
 9.07029e-01
 9.07029e-01
 9.07029e-01
 9.07029e-01
 9.07029e-01
 9.07029e-01
 9.07029e-01
 9.07029e-01
 9.07029e-01
 9.07029e-01
 9.07029e-01
 9.07029e-01
 9.07029e-01
 9.07029e-01
 9.07029e-01
 9.07029e-01
 9.07029e-01
 9.07029e-01
 9.07029e-01
 9.07029e-01
 9.07029e-01
 9.07029e-01
 9.07029e-01
 9.07029e-01
 9.07029e-01
 9.07029e-01
 9.07029e-01
 9.07029e-01
 9.07029e-01
 9.07029e-01
 9.07029e-01
 9.07029e-01
 9.07029e-01
 9.07029e-01
 9.07029e-01
 9.07029e-01
 9.07029e-01
 9.07029e-01
 9.07029e-01
 9.07029e-01
 9.07029e-01
 9.07029e-01
 9.07029e-01
 9.07029e-01
 9.07029e-01
 9.07029e-01
 9.07029e-01
 9.07029e-01
 9.07029e-01
 9.07029e-01
 9.07029e-01
 9.07029e-01
 9.07029e-01
 9.07029e-01
 9.07029e-01
 9.07029e-01
 9.07029e-01
 9.07029e-01
 9.07029e-01
 9.07029e-01
 9.07029e-01
 9.07029e-01
 9.07029e-01
 9.07029e-01
 9.07029e-01
 9.07029e-01
 9.07029e-01
 9.07029e-01
 9.07029e-01
 9.07029e-01
 9.07029e-01
 9.07029e-01
 9.07029e-01
 9.07029e-01
 9.07029e-01
 9.07029e-01
 9.07029e-01
 9.07029e-01
 9.07029e-01
 9.07029e-01
 9.07029e-01
 9.07029e-01
 9.07029e-01
 9.07029e-01
 9.07029e-01
 9.07029e-01
 9.07029e-01
 9.07029e-01
 9.07029e-01
 9.07029e-01
 9.07029e-01
 9.07029e-01
 9.07029e-01
 9.07029e-01
 9.07029e-01
 9.07029e-01
 9.07029e-01
 9.07029e-01
 9.07029e-01
 9.07029e-01
 9.07029e-01
 9.07029e-01
 9.07029e-01
 9.07029e-01
 9.07029e-01
 9.07029e-01
 9.07029e-01
 9.07029e-01
 9.07029e-01
 9.07029e-01
 9.07029e-01
 9.07029e-01
 9.07029e-01
 9.07029e-01
 9.07029e-01
 9.07029e-01
 9.07029e-01
 9.07029e-01
 9.07029e-01
 9.07029e-01
 9.07029e-01
 9.07029e-01
 9.07029e-01
tria3
 6.75982e-01
 6.79165e-01
 6.79126e-01
 6.81478e-01
 6.84119e-01
 6.80832e-01
 6.75583e-01
 6.78697e-01
 6.80298e-01
 6.83705e-01
 6.84803e-01
 6.78779e-01
 6.75748e-01
 6.78935e-01
 6.80706e-01
 6.84031e-01
 6.84673e-01
 6.78893e-01
 6.75582e-01
 6.78617e-01
 6.78697e-01
 6.81307e-01
 6.83663e-01
 6.80217e-01
 7.19629e-01
 7.03539e-01
 7.22064e-01
 7.13957e-01
 7.04044e-01
 7.25095e-01
 7.23473e-01
 7.07851e-01
 6.88092e-01
 6.80420e-01
 6.80324e-01
 6.82754e-01
 6.86534e-01
 6.83406e-01
 6.84373e-01
 6.89585e-01
 6.72929e-01
 6.74277e-01
 6.74525e-01
 6.73054e-01
 6.74308e-01
 6.76506e-01
 6.75427e-01
 6.76397e-01
 6.76077e-01
 6.76665e-01
 6.78238e-01
 6.78282e-01
 7.24692e-01
 7.25523e-01
 7.08641e-01
 7.09402e-01
 7.22966e-01
 7.04515e-01
 6.95661e-01
 7.05978e-01
 6.84481e-01
 6.83729e-01
 6.90055e-01
 6.82828e-01
 6.80561e-01
 6.86754e-01
 6.79771e-01
 6.84582e-01
 6.75101e-01
 6.76434e-01
 6.76184e-01
 6.72476e-01
 6.74124e-01
 6.73884e-01
 6.74039e-01
 6.72450e-01
 6.76452e-01
 6.75765e-01
 6.77872e-01
 6.78085e-01
 6.78275e-01
 6.78358e-01
 6.76737e-01
 6.75980e-01
 6.74126e-01
 6.72673e-01
 6.72819e-01
 6.74310e-01
 6.74040e-01
 6.75253e-01
 6.76421e-01
 6.76221e-01
 6.76860e-01
 6.83420e-01
 6.83654e-01
 6.82544e-01
 6.89172e-01
 6.84794e-01
 6.84037e-01
 6.90583e-01
 6.96028e-01
 7.10989e-01
 7.16853e-01
 7.23481e-01
 7.06827e-01
 7.24872e-01
 7.26244e-01
 7.09247e-01
 6.77825e-01
 6.78078e-01
 6.75687e-01
 6.76330e-01
 6.76399e-01
 6.75189e-01
 6.76162e-01
 6.74277e-01
 6.72836e-01
 6.74005e-01
 6.72710e-01
 6.73984e-01
 6.83724e-01
 6.84785e-01
 6.90350e-01
 6.80520e-01
 6.83050e-01
 6.87301e-01
 6.89361e-01
 6.80964e-01
 7.26161e-01
 7.24662e-01
 7.08938e-01
 7.23340e-01
 7.15507e-01
 7.05241e-01
 7.21487e-01
 7.05067e-01
 7.61512e-01
 7.38943e-01
 7.55875e-01
 7.51751e-01
 7.42854e-01
 7.69560e-01
 7.57973e-01
 7.51246e-01
 7.57245e-01
 7.66413e-01
 7.49508e-01
 7.67944e-01
 7.61018e-01
 7.54318e-01
 6.75564e-01
 6.74690e-01
 6.74087e-01
 6.74644e-01
 6.75125e-01
 6.75120e-01
 6.75688e-01
 6.76218e-01
 6.76064e-01
 6.77010e-01
 6.77247e-01
 6.77279e-01
 6.77230e-01
 6.77897e-01
 6.71515e-01
 6.71963e-01
 6.72015e-01
 6.71520e-01
 6.72038e-01
 6.74109e-01
 6.72754e-01
 6.73623e-01
 6.75105e-01
 6.74556e-01
 6.74973e-01
 6.75942e-01
 6.75408e-01
 6.75792e-01
 7.62353e-01
 7.68128e-01
 7.54930e-01
 7.66892e-01
 7.62034e-01
 7.54003e-01
 7.58528e-01
 7.66557e-01
 7.51943e-01
 7.24646e-01
 7.57317e-01
 7.47525e-01
 7.21159e-01
 7.42956e-01
 6.77279e-01
 6.77508e-01
 6.78054e-01
 6.77249e-01
 6.75859e-01
 6.77265e-01
 6.75236e-01
 6.74901e-01
 6.75855e-01
 6.74390e-01
 6.73905e-01
 6.75280e-01
 6.72888e-01
 6.74426e-01
 6.75327e-01
 6.75942e-01
 6.75720e-01
 6.74383e-01
 6.74982e-01
 6.74745e-01
 6.72572e-01
 6.73943e-01
 6.73328e-01
 6.70819e-01
 6.71724e-01
 6.71453e-01
 6.71433e-01
 6.70825e-01
 6.71730e-01
 6.71283e-01
 6.71308e-01
 6.71812e-01
 6.71822e-01
 6.72577e-01
 6.73994e-01
 6.73465e-01
 6.74453e-01
 6.75003e-01
 6.74867e-01
 6.75315e-01
 6.75878e-01
 6.75722e-01
 6.72871e-01
 6.74204e-01
 6.75470e-01
 6.74044e-01
 6.75825e-01
 6.75348e-01
 6.75206e-01
 6.76672e-01
 6.77207e-01
 6.75927e-01
 6.77341e-01
 6.77215e-01
 6.77440e-01
 6.78026e-01
 7.27805e-01
 7.44143e-01
 7.47461e-01
 7.60099e-01
 7.43214e-01
 7.59773e-01
 7.66415e-01
 7.48790e-01
 7.66854e-01
 7.58288e-01
 7.50620e-01
 7.61958e-01
 7.68528e-01
 7.55357e-01
 6.75882e-01
 6.75323e-01
 6.75704e-01
 6.75022e-01
 6.74470e-01
 6.74853e-01
 6.73994e-01
 6.72596e-01
 6.73465e-01
 6.71845e-01
 6.71369e-01
 6.71858e-01
 6.71377e-01
 6.71810e-01
 6.77479e-01
 6.77228e-01
 6.78031e-01
 6.75866e-01
 6.77255e-01
 6.77274e-01
 6.76241e-01
 6.75240e-01
 6.75050e-01
 6.73695e-01
 6.75048e-01
 6.75075e-01
 6.75452e-01
 6.73627e-01
 7.68549e-01
 7.61911e-01
 7.55295e-01
 7.58220e-01
 7.67317e-01
 7.50634e-01
 7.70402e-01
 7.59161e-01
 7.52397e-01
 7.57213e-01
 7.53507e-01
 7.44463e-01
 7.63181e-01
 7.40971e-01
 7.82153e-01
 8.08945e-01
 8.02520e-01
 7.76756e-01
 7.78510e-01
 8.02115e-01
 8.04669e-01
 7.80608e-01
 7.92960e-01
 8.09763e-01
 7.90207e-01
 8.03779e-01
 7.79041e-01
 7.95098e-01
 8.05595e-01
 7.82814e-01
 7.87105e-01
 8.06915e-01
 6.73213e-01
 6.71940e-01
 6.71493e-01
 6.71413e-01
 6.72109e-01
 6.72438e-01
 6.73099e-01
 6.72377e-01
 6.71589e-01
 6.71648e-01
 6.71528e-01
 6.71851e-01
 6.72006e-01
 6.72133e-01
 6.73086e-01
 6.73575e-01
 6.74479e-01
 6.73460e-01
 6.72350e-01
 6.72560e-01
 6.72426e-01
 6.72754e-01
 6.73298e-01
 6.72993e-01
 6.74247e-01
 6.74855e-01
 6.75556e-01
 6.74617e-01
 6.73506e-01
 6.73769e-01
 6.73613e-01
 6.73971e-01
 6.74456e-01
 6.74184e-01
 6.75154e-01
 6.75825e-01
 6.76149e-01
 6.75294e-01
 6.74589e-01
 6.74654e-01
 6.74587e-01
 6.74721e-01
 6.74927e-01
 6.74793e-01
 6.70447e-01
 6.70845e-01
 6.71284e-01
 6.70835e-01
 6.70907e-01
 6.72262e-01
 6.72022e-01
 6.71670e-01
 6.73140e-01
 6.72475e-01
 6.72752e-01
 6.73986e-01
 6.73400e-01
 6.73702e-01
 6.74474e-01
 6.74191e-01
 6.74355e-01
 6.75074e-01
 6.74675e-01
 6.74867e-01
 6.75425e-01
 6.75233e-01
 6.75330e-01
 6.75695e-01
 6.75471e-01
 6.75631e-01
 8.07037e-01
 7.87289e-01
 7.84131e-01
 8.06127e-01
 8.05599e-01
 7.83812e-01
 7.86467e-01
 8.06317e-01
 8.06293e-01
 7.86132e-01
 7.81249e-01
 8.04792e-01
 8.02897e-01
 7.80038e-01
 7.87429e-01
 8.06463e-01
 8.06471e-01
 7.62581e-01
 6.75379e-01
 6.76198e-01
 6.76008e-01
 6.75300e-01
 6.74937e-01
 6.74802e-01
 6.74840e-01
 6.74768e-01
 6.74746e-01
 6.74727e-01
 6.74822e-01
 6.75748e-01
 6.74795e-01
 6.74389e-01
 6.74635e-01
 6.74202e-01
 6.74398e-01
 6.73986e-01
 6.73592e-01
 6.73749e-01
 6.73309e-01
 6.74172e-01
 6.73509e-01
 6.72980e-01
 6.73370e-01
 6.72874e-01
 6.73071e-01
 6.72677e-01
 6.72493e-01
 6.72545e-01
 6.72334e-01
 6.73028e-01
 6.72308e-01
 6.72079e-01
 6.72349e-01
 6.72039e-01
 6.72220e-01
 6.71842e-01
 6.71750e-01
 6.71820e-01
 6.71761e-01
 6.72016e-01
 6.71517e-01
 6.71665e-01
 6.75499e-01
 6.75715e-01
 6.75651e-01
 6.75226e-01
 6.75426e-01
 6.75313e-01
 6.74636e-01
 6.75088e-01
 6.74829e-01
 6.74161e-01
 6.74403e-01
 6.74276e-01
 6.73371e-01
 6.73986e-01
 6.73662e-01
 6.72474e-01
 6.73096e-01
 6.72713e-01
 6.71486e-01
 6.72244e-01
 6.71962e-01
 6.70426e-01
 6.71015e-01
 6.70531e-01
 6.70432e-01
 6.70568e-01
 6.70683e-01
 6.70625e-01
 6.70741e-01
 6.71073e-01
 6.70665e-01
 6.71474e-01
 6.72062e-01
 6.71826e-01
 6.72287e-01
 6.72965e-01
 6.72586e-01
 6.73230e-01
 6.73831e-01
 6.73570e-01
 6.74091e-01
 6.74401e-01
 6.74287e-01
 6.74572e-01
 6.74972e-01
 6.74764e-01
 6.75126e-01
 6.75320e-01
 6.75229e-01
 6.75393e-01
 6.75568e-01
 6.75566e-01
 6.70859e-01
 6.71028e-01
 6.71337e-01
 6.72079e-01
 6.71644e-01
 6.71243e-01
 6.71575e-01
 6.72190e-01
 6.71835e-01
 6.71945e-01
 6.72596e-01
 6.72249e-01
 6.72642e-01
 6.73597e-01
 6.72481e-01
 6.72321e-01
 6.72456e-01
 6.73197e-01
 6.72679e-01
 6.72913e-01
 6.73766e-01
 6.72987e-01
 6.73245e-01
 6.74166e-01
 6.73744e-01
 6.73413e-01
 6.73551e-01
 6.74419e-01
 6.73956e-01
 6.74180e-01
 6.74745e-01
 6.74248e-01
 6.74665e-01
 6.75626e-01
 6.74577e-01
 6.74539e-01
 6.74540e-01
 6.74831e-01
 6.74650e-01
 6.74720e-01
 6.75859e-01
 6.75137e-01
 6.75244e-01
 6.76103e-01
 8.08423e-01
 7.63799e-01
 7.85836e-01
 8.05835e-01
 8.05942e-01
 7.86490e-01
 7.86396e-01
 7.99322e-01
 7.98710e-01
 7.89711e-01
 7.90179e-01
 8.03656e-01
 7.95438e-01
 7.79781e-01
 7.83450e-01
 8.05985e-01
 8.07255e-01
 7.87529e-01
 6.75544e-01
 6.75375e-01
 6.75548e-01
 6.75369e-01
 6.75191e-01
 6.75303e-01
 6.75005e-01
 6.74598e-01
 6.74816e-01
 6.74426e-01
 6.74119e-01
 6.74320e-01
 6.73855e-01
 6.73217e-01
 6.73579e-01
 6.72965e-01
 6.72330e-01
 6.72613e-01
 6.72065e-01
 6.71797e-01
 6.71478e-01
 6.71030e-01
 6.70647e-01
 6.70791e-01
 6.70636e-01
 6.70753e-01
 6.74667e-01
 6.74810e-01
 6.74715e-01
 6.74678e-01
 6.74665e-01
 6.74648e-01
 6.76116e-01
 6.75274e-01
 6.75209e-01
 6.75948e-01
 6.74039e-01
 6.74538e-01
 6.74289e-01
 6.73418e-01
 6.73808e-01
 6.73603e-01
 6.75724e-01
 6.74766e-01
 6.74311e-01
 6.74768e-01
 6.72706e-01
 6.73193e-01
 6.72929e-01
 6.72290e-01
 6.72507e-01
 6.72459e-01
 6.74142e-01
 6.73236e-01
 6.72965e-01
 6.73681e-01
 6.71675e-01
 6.71809e-01
 6.72086e-01
 6.71605e-01
 6.71505e-01
 6.71414e-01
 6.73465e-01
 6.72489e-01
 6.72234e-01
 6.72755e-01
 6.71433e-01
 6.71188e-01
 6.72687e-01
 6.71994e-01
 7.87550e-01
 8.07372e-01
 8.06011e-01
 7.83395e-01
 7.79704e-01
 7.95593e-01
 7.90791e-01
 8.04070e-01
 7.93400e-01
 8.09827e-01
 8.04905e-01
 7.81434e-01
 7.79486e-01
 8.02490e-01
 8.03040e-01
 7.78121e-01
 8.09373e-01
 7.83486e-01
 6.71375e-01
 6.71202e-01
 6.71072e-01
 6.70435e-01
 6.71427e-01
 6.71393e-01
 6.71713e-01
 6.71563e-01
 6.70762e-01
 6.71279e-01
 6.71716e-01
 6.71418e-01
 6.71919e-01
 6.71972e-01
 6.72215e-01
 6.72179e-01
 6.71935e-01
 6.72051e-01
 6.72312e-01
 6.72237e-01
 6.72481e-01
 6.72321e-01
 6.72858e-01
 6.72643e-01
 6.72539e-01
 6.72611e-01
 6.72834e-01
 6.73051e-01
 6.73041e-01
 6.72953e-01
 6.73289e-01
 6.73211e-01
 6.73312e-01
 6.73238e-01
 6.73408e-01
 6.73753e-01
 6.73676e-01
 6.73498e-01
 6.74074e-01
 6.73840e-01
 6.73959e-01
 6.73869e-01
 6.74120e-01
 6.74360e-01
 6.74274e-01
 6.74181e-01
 6.74454e-01
 6.74400e-01
 6.74561e-01
 6.74466e-01
 6.74592e-01
 6.74906e-01
 6.74714e-01
 6.74588e-01
 6.74951e-01
 6.74783e-01
 6.75066e-01
 6.74933e-01
 6.75077e-01
 6.75278e-01
 6.74946e-01
 6.74932e-01
 6.74926e-01
 6.74944e-01
 6.75324e-01
 6.75144e-01
 6.75141e-01
 6.75413e-01
 6.74994e-01
 6.74936e-01
 6.75054e-01
 6.74956e-01
 6.75433e-01
 6.75201e-01
 6.75211e-01
 6.75359e-01
 6.74886e-01
 6.74950e-01
 6.74714e-01
 6.74766e-01
 6.75286e-01
 6.75054e-01
 6.74934e-01
 6.75098e-01
 6.74542e-01
 6.74603e-01
 6.74333e-01
 6.74378e-01
 6.74960e-01
 6.74683e-01
 6.74515e-01
 6.74553e-01
 6.73929e-01
 6.74098e-01
 6.73609e-01
 6.73712e-01
 6.74320e-01
 6.74052e-01
 6.73835e-01
 6.73968e-01
 6.73307e-01
 6.73387e-01
 6.73081e-01
 6.73095e-01
 6.73793e-01
 6.73477e-01
 6.73289e-01
 6.73323e-01
 6.72912e-01
 6.72728e-01
 6.72445e-01
 6.72547e-01
 6.73048e-01
 6.72844e-01
 6.72639e-01
 6.72561e-01
 6.72250e-01
 6.72343e-01
 6.71975e-01
 6.72061e-01
 6.72346e-01
 6.72229e-01
 6.72048e-01
 6.71883e-01
 6.71783e-01
 6.71671e-01
 6.71541e-01
 6.71471e-01
 6.71706e-01
 6.71315e-01
 6.71191e-01
 6.70959e-01
 6.71433e-01
 6.71463e-01
 6.70598e-01
 6.71184e-01
 6.70662e-01
 6.71009e-01
 6.71175e-01
 6.70983e-01
 6.71100e-01
 6.70917e-01
 6.71573e-01
 6.71253e-01
 6.71109e-01
 6.71284e-01
 6.71616e-01
 6.71481e-01
 6.71869e-01
 6.71744e-01
 6.72125e-01
 6.72037e-01
 6.71791e-01
 6.71846e-01
 6.72011e-01
 6.72041e-01
 6.72438e-01
 6.72347e-01
 6.72870e-01
 6.72670e-01
 6.72162e-01
 6.72336e-01
 6.72715e-01
 6.72518e-01
 6.73075e-01
 6.73135e-01
 6.73560e-01
 6.73232e-01
 6.72830e-01
 6.72906e-01
 6.73062e-01
 6.73168e-01
 6.73705e-01
 6.73979e-01
 6.74297e-01
 6.74072e-01
 6.73383e-01
 6.73565e-01
 6.74019e-01
 6.73787e-01
 6.74383e-01
 6.74468e-01
 6.74809e-01
 6.74503e-01
 6.74133e-01
 6.74210e-01
 6.74330e-01
 6.74387e-01
 6.74823e-01
 6.74962e-01
 6.75167e-01
 6.74964e-01
 6.74506e-01
 6.74615e-01
 6.74848e-01
 6.74685e-01
 6.75124e-01
 6.75239e-01
 6.75132e-01
 6.75278e-01
 6.74849e-01
 6.74918e-01
 6.74888e-01
 6.74804e-01
 6.75028e-01
 6.75229e-01
 6.75221e-01
 6.75061e-01
 6.74783e-01
 6.74823e-01
 6.74917e-01
 6.74803e-01
 6.75051e-01
 6.75215e-01
 6.74873e-01
 6.75093e-01
 6.74851e-01
 6.74852e-01
 6.74715e-01
 6.74612e-01
 6.74538e-01
 6.74824e-01
 6.74488e-01
 6.74417e-01
 6.74472e-01
 6.74383e-01
 6.74262e-01
 6.74186e-01
 6.74099e-01
 6.74316e-01
 6.73729e-01
 6.74008e-01
 6.74053e-01
 6.73822e-01
 6.73590e-01
 6.73390e-01
 6.73250e-01
 6.73581e-01
 6.73122e-01
 6.73084e-01
 6.73166e-01
 6.73077e-01
 6.72874e-01
 6.72882e-01
 6.72672e-01
 6.72869e-01
 6.72295e-01
 6.72484e-01
 6.72716e-01
 6.72523e-01
 6.72291e-01
 6.72106e-01
 6.72070e-01
 6.71995e-01
 6.71671e-01
 6.71784e-01
 6.71944e-01
 6.71904e-01
 6.71682e-01
 6.71727e-01
 6.71487e-01
 6.71165e-01
 6.70609e-01
 6.71009e-01
 6.71506e-01
 6.71381e-01
 6.71206e-01
 6.71167e-01
 6.70996e-01
 6.70834e-01
 6.71197e-01
 6.71250e-01
END TIME STEP
BEGIN TIME STEP
thickness
part
         1
quad4
 9.07029e-01
 9.07029e-01
 9.07029e-01
 9.07029e-01
 9.07029e-01
 9.07029e-01
 9.07029e-01
 9.07029e-01
 9.07029e-01
 9.07029e-01
 9.07029e-01
 9.07029e-01
 9.07029e-01
 9.07029e-01
 9.07029e-01
 9.07029e-01
 9.07029e-01
 9.07029e-01
 9.07029e-01
 9.07029e-01
 9.07029e-01
 9.07029e-01
 9.07029e-01
 9.07029e-01
 9.07029e-01
 9.07029e-01
 9.07029e-01
 9.07029e-01
 9.07029e-01
 9.07029e-01
 9.07029e-01
 9.07029e-01
 9.07029e-01
 9.07029e-01
 9.07029e-01
 9.07029e-01
 9.07029e-01
 9.07029e-01
 9.07029e-01
 9.07029e-01
 9.07029e-01
 9.07029e-01
 9.07029e-01
 9.07029e-01
 9.07029e-01
 9.07029e-01
 9.07029e-01
 9.07029e-01
 9.07029e-01
 9.07029e-01
 9.07029e-01
 9.07029e-01
 9.07029e-01
 9.07029e-01
 9.07029e-01
 9.07029e-01
 9.07029e-01
 9.07029e-01
 9.07029e-01
 9.07029e-01
 9.07029e-01
 9.07029e-01
 9.07029e-01
 9.07029e-01
 9.07029e-01
 9.07029e-01
 9.07029e-01
 9.07029e-01
 9.07029e-01
 9.07029e-01
 9.07029e-01
 9.07029e-01
 9.07029e-01
 9.07029e-01
 9.07029e-01
 9.07029e-01
 9.07029e-01
 9.07029e-01
 9.07029e-01
 9.07029e-01
 9.07029e-01
 9.07029e-01
 9.07029e-01
 9.07029e-01
 9.07029e-01
 9.07029e-01
 9.07029e-01
 9.07029e-01
 9.07029e-01
 9.07029e-01
 9.07029e-01
 9.07029e-01
 9.07029e-01
 9.07029e-01
 9.07029e-01
 9.07029e-01
 9.07029e-01
 9.07029e-01
 9.07029e-01
 9.07029e-01
 9.07029e-01
 9.07029e-01
 9.07029e-01
 9.07029e-01
 9.07029e-01
 9.07029e-01
 9.07029e-01
 9.07029e-01
 9.07029e-01
 9.07029e-01
 9.07029e-01
 9.07029e-01
 9.07029e-01
 9.07029e-01
 9.07029e-01
 9.07029e-01
 9.07029e-01
 9.07029e-01
 9.07029e-01
 9.07029e-01
 9.07029e-01
 9.07029e-01
 9.07029e-01
 9.07029e-01
 9.07029e-01
 9.07029e-01
 9.07029e-01
 9.07029e-01
 9.07029e-01
tria3
 5.95796e-01
 5.99917e-01
 6.00450e-01
 6.03163e-01
 6.05841e-01
 6.01606e-01
 5.95182e-01
 5.99252e-01
 6.00858e-01
 6.05288e-01
 6.06865e-01
 5.99981e-01
 5.95352e-01
 5.99495e-01
 6.01370e-01
 6.05696e-01
 6.06643e-01
 6.00018e-01
 5.95124e-01
 5.99077e-01
 5.99767e-01
 6.02840e-01
 6.05211e-01
 6.00719e-01
 6.95300e-01
 6.70482e-01
 6.96592e-01
 6.85690e-01
 6.69481e-01
 7.00538e-01
 6.98522e-01
 6.74560e-01
 6.44425e-01
 6.29083e-01
 6.27582e-01
 6.29603e-01
 6.39363e-01
 6.30142e-01
 6.31312e-01
 6.43052e-01
 5.92414e-01
 5.93212e-01
 5.95729e-01
 5.93040e-01
 5.94490e-01
 5.98678e-01
 5.97103e-01
 5.97851e-01
 5.95143e-01
 5.95711e-01
 5.98052e-01
 5.97678e-01
 7.00229e-01
 7.01127e-01
 6.75694e-01
 6.79582e-01
 6.98003e-01
 6.70709e-01
 6.58483e-01
 6.74950e-01
 6.31414e-01
 6.30426e-01
 6.43699e-01
 6.30177e-01
 6.30278e-01
 6.40689e-01
 6.29276e-01
 6.39197e-01
 5.96670e-01
 5.98581e-01
 5.97556e-01
 5.92367e-01
 5.95226e-01
 5.93904e-01
 5.92637e-01
 5.91676e-01
 5.95313e-01
 5.94606e-01
 5.97495e-01
 5.97351e-01
 5.98024e-01
 5.97741e-01
 5.95678e-01
 5.94881e-01
 5.92880e-01
 5.91941e-01
 5.92573e-01
 5.95278e-01
 5.93983e-01
 5.96711e-01
 5.98413e-01
 5.97470e-01
 6.22293e-01
 6.35902e-01
 6.31809e-01
 6.32414e-01
 6.44603e-01
 6.32078e-01
 6.31257e-01
 6.44789e-01
 6.58500e-01
 6.82293e-01
 6.90565e-01
 6.99045e-01
 6.74337e-01
 7.00768e-01
 7.02184e-01
 6.76798e-01
 5.97405e-01
 5.97323e-01
 5.94493e-01
 5.95133e-01
 5.98385e-01
 5.96635e-01
 5.97394e-01
 5.95249e-01
 5.92597e-01
 5.93941e-01
 5.91966e-01
 5.92679e-01
 6.30543e-01
 6.32013e-01
 6.44292e-01
 6.28688e-01
 6.30548e-01
 6.41411e-01
 6.47709e-01
 6.31116e-01
 7.02051e-01
 7.00277e-01
 6.76233e-01
 6.98515e-01
 6.88194e-01
 6.71585e-01
 6.98096e-01
 6.73122e-01
 7.53448e-01
 7.23389e-01
 7.45822e-01
 7.40427e-01
 7.27546e-01
 7.63617e-01
 7.48566e-01
 7.38801e-01
 7.47786e-01
 7.59700e-01
 7.36814e-01
 7.61375e-01
 7.52420e-01
 7.42707e-01
 6.18063e-01
 6.14760e-01
 6.12806e-01
 6.11771e-01
 6.14868e-01
 6.11866e-01
 6.11260e-01
 6.14592e-01
 6.11617e-01
 6.13557e-01
 6.15489e-01
 6.13864e-01
 6.12940e-01
 6.16209e-01
 5.91901e-01
 5.91985e-01
 5.93967e-01
 5.92370e-01
 5.92947e-01
 5.97191e-01
 5.95150e-01
 5.95683e-01
 5.98475e-01
 5.97822e-01
 5.97689e-01
 5.99676e-01
 5.98863e-01
 5.98802e-01
 7.54166e-01
 7.61612e-01
 7.43533e-01
 7.60275e-01
 7.53832e-01
 7.42514e-01
 7.49568e-01
 7.59842e-01
 7.39855e-01
 7.03207e-01
 7.48172e-01
 7.34790e-01
 6.98609e-01
 7.28651e-01
 6.12991e-01
 6.14095e-01
 6.16362e-01
 6.13750e-01
 6.11001e-01
 6.15243e-01
 6.09940e-01
 6.10298e-01
 6.15041e-01
 6.11979e-01
 6.13013e-01
 6.18723e-01
 6.12043e-01
 6.17756e-01
 5.98749e-01
 5.99676e-01
 5.98704e-01
 5.97597e-01
 5.98305e-01
 5.97398e-01
 5.94942e-01
 5.96972e-01
 5.95329e-01
 5.91805e-01
 5.93656e-01
 5.92343e-01
 5.91336e-01
 5.91489e-01
 5.91540e-01
 5.91478e-01
 5.91922e-01
 5.93520e-01
 5.92484e-01
 5.94758e-01
 5.96889e-01
 5.95310e-01
 5.97521e-01
 5.98178e-01
 5.97376e-01
 5.98584e-01
 5.99440e-01
 5.98548e-01
 6.09092e-01
 6.14029e-01
 6.14036e-01
 6.12294e-01
 6.17071e-01
 6.10297e-01
 6.10992e-01
 6.16586e-01
 6.13890e-01
 6.11293e-01
 6.15607e-01
 6.13032e-01
 6.14190e-01
 6.16531e-01
 7.07248e-01
 7.29079e-01
 7.34194e-01
 7.51530e-01
 7.28463e-01
 7.51388e-01
 7.59976e-01
 7.36260e-01
 7.60418e-01
 7.49253e-01
 7.38424e-01
 7.53755e-01
 7.62194e-01
 7.44147e-01
 5.99454e-01
 5.98607e-01
 5.98534e-01
 5.98216e-01
 5.97562e-01
 5.97376e-01
 5.96887e-01
 5.94783e-01
 5.95315e-01
 5.93566e-01
 5.91972e-01
 5.92529e-01
 5.91535e-01
 5.91603e-01
 6.14150e-01
 6.13041e-01
 6.16475e-01
 6.10973e-01
 6.13818e-01
 6.15302e-01
 6.15571e-01
 6.09882e-01
 6.10471e-01
 6.11159e-01
 6.13073e-01
 6.15327e-01
 6.18253e-01
 6.11656e-01
 7.62213e-01
 7.53641e-01
 7.44032e-01
 7.49101e-01
 7.60917e-01
 7.38347e-01
 7.64774e-01
 7.50223e-01
 7.40442e-01
 7.47658e-01
 7.42778e-01
 7.29814e-01
 7.55631e-01
 7.26133e-01
 7.80713e-01
 8.13930e-01
 8.05777e-01
 7.73908e-01
 7.76323e-01
 8.05358e-01
 8.08770e-01
 7.79068e-01
 7.94348e-01
 8.14951e-01
 7.90809e-01
 8.07967e-01
 7.77029e-01
 7.97165e-01
 8.09870e-01
 7.81663e-01
 7.86960e-01
 8.11492e-01
 6.09503e-01
 6.03700e-01
 6.00776e-01
 5.99276e-01
 6.03479e-01
 6.05994e-01
 6.06466e-01
 6.03746e-01
 6.00578e-01
 5.98693e-01
 5.99111e-01
 5.98971e-01
 5.99683e-01
 6.01139e-01
 6.04248e-01
 6.06561e-01
 6.06899e-01
 6.04389e-01
 6.01047e-01
 6.00465e-01
 6.01569e-01
 6.00519e-01
 6.01578e-01
 6.01763e-01
 6.05174e-01
 6.07256e-01
 6.08330e-01
 6.05651e-01
 6.01930e-01
 6.01773e-01
 6.02543e-01
 6.01919e-01
 6.03032e-01
 6.03166e-01
 6.06288e-01
 6.08638e-01
 6.08766e-01
 6.06411e-01
 6.03306e-01
 6.02875e-01
 6.03769e-01
 6.02852e-01
 6.03562e-01
 6.03869e-01
 5.92301e-01
 5.92156e-01
 5.94310e-01
 5.93355e-01
 5.92462e-01
 5.96265e-01
 5.95707e-01
 5.94551e-01
 5.97213e-01
 5.96605e-01
 5.96405e-01
 5.98540e-01
 5.97533e-01
 5.97675e-01
 5.99029e-01
 5.98836e-01
 5.98604e-01
 5.99880e-01
 5.99248e-01
 5.99191e-01
 6.00218e-01
 6.00094e-01
 5.99793e-01
 6.00775e-01
 6.00295e-01
 6.00243e-01
 8.11659e-01
 7.87197e-01
 7.83385e-01
 8.10603e-01
 8.10075e-01
 7.83051e-01
 7.86350e-01
 8.10936e-01
 8.10798e-01
 7.85917e-01
 7.80109e-01
 8.09035e-01
 8.06766e-01
 7.78714e-01
 7.87358e-01
 8.10955e-01
 8.10592e-01
 7.55188e-01
 6.06501e-01
 6.08817e-01
 6.08827e-01
 6.06440e-01
 6.03677e-01
 6.03050e-01
 6.04023e-01
 6.02901e-01
 6.03371e-01
 6.03814e-01
 6.05803e-01
 6.08483e-01
 6.06910e-01
 6.05172e-01
 6.03329e-01
 6.02257e-01
 6.03480e-01
 6.01873e-01
 6.01784e-01
 6.02465e-01
 6.03547e-01
 6.05850e-01
 6.06086e-01
 6.03425e-01
 6.01577e-01
 6.00488e-01
 6.01694e-01
 6.00324e-01
 6.00976e-01
 6.01408e-01
 6.03257e-01
 6.06209e-01
 6.08391e-01
 6.03031e-01
 6.01149e-01
 5.99072e-01
 5.99799e-01
 5.98698e-01
 5.99219e-01
 6.00717e-01
 6.03236e-01
 6.04995e-01
 5.99816e-01
 6.00925e-01
 6.00335e-01
 6.00807e-01
 6.00274e-01
 6.00067e-01
 6.00209e-01
 5.99759e-01
 5.99196e-01
 5.99891e-01
 5.99138e-01
 5.98762e-01
 5.98919e-01
 5.98477e-01
 5.97430e-01
 5.98489e-01
 5.97580e-01
 5.96600e-01
 5.97096e-01
 5.96336e-01
 5.94362e-01
 5.96284e-01
 5.95666e-01
 5.92035e-01
 5.93924e-01
 5.92867e-01
 5.91719e-01
 5.92568e-01
 5.91740e-01
 5.92595e-01
 5.92005e-01
 5.93767e-01
 5.92812e-01
 5.94104e-01
 5.95852e-01
 5.95276e-01
 5.96215e-01
 5.96858e-01
 5.96043e-01
 5.97212e-01
 5.98337e-01
 5.97393e-01
 5.98594e-01
 5.98675e-01
 5.98282e-01
 5.98929e-01
 5.99600e-01
 5.98894e-01
 5.99811e-01
 5.99917e-01
 5.99511e-01
 5.99952e-01
 6.00476e-01
 5.99935e-01
 5.98901e-01
 6.00169e-01
 6.02242e-01
 6.05198e-01
 5.98745e-01
 5.99570e-01
 6.00228e-01
 6.01159e-01
 5.98882e-01
 5.99559e-01
 6.06437e-01
 6.03726e-01
 6.04123e-01
 6.07441e-01
 6.00181e-01
 6.00890e-01
 6.01422e-01
 6.01309e-01
 6.00241e-01
 6.01463e-01
 6.06680e-01
 6.03585e-01
 6.03567e-01
 6.05967e-01
 6.01613e-01
 6.01682e-01
 6.02334e-01
 6.02896e-01
 6.01763e-01
 6.03070e-01
 6.06963e-01
 6.05062e-01
 6.05648e-01
 6.08414e-01
 6.02698e-01
 6.03164e-01
 6.03652e-01
 6.03412e-01
 6.02689e-01
 6.03738e-01
 6.08714e-01
 6.06262e-01
 6.06357e-01
 6.08758e-01
 8.12479e-01
 7.56024e-01
 7.84808e-01
 8.09618e-01
 8.09774e-01
 7.86200e-01
 7.86427e-01
 8.02565e-01
 8.01733e-01
 7.90411e-01
 7.90885e-01
 8.07829e-01
 7.97692e-01
 7.78054e-01
 7.82556e-01
 8.10436e-01
 8.11994e-01
 7.87572e-01
 6.00559e-01
 6.00065e-01
 6.00031e-01
 5.99923e-01
 5.99897e-01
 5.99538e-01
 5.99753e-01
 5.99019e-01
 5.99002e-01
 5.98739e-01
 5.98635e-01
 5.98340e-01
 5.98345e-01
 5.97116e-01
 5.97375e-01
 5.96689e-01
 5.96232e-01
 5.95958e-01
 5.95967e-01
 5.95280e-01
 5.94108e-01
 5.93679e-01
 5.92731e-01
 5.92021e-01
 5.92516e-01
 5.91760e-01
 6.02837e-01
 6.03503e-01
 6.03849e-01
 6.03193e-01
 6.02708e-01
 6.03652e-01
 6.08767e-01
 6.06385e-01
 6.06318e-01
 6.08766e-01
 6.01835e-01
 6.03009e-01
 6.03157e-01
 6.01666e-01
 6.01653e-01
 6.02333e-01
 6.08435e-01
 6.05676e-01
 6.05033e-01
 6.06830e-01
 6.00188e-01
 6.01364e-01
 6.01467e-01
 6.00722e-01
 6.00002e-01
 6.01247e-01
 6.05738e-01
 6.03378e-01
 6.03345e-01
 6.06295e-01
 5.98645e-01
 5.99375e-01
 6.00914e-01
 6.01068e-01
 5.98265e-01
 5.98905e-01
 6.07008e-01
 6.03747e-01
 6.03991e-01
 6.06828e-01
 6.01472e-01
 5.99770e-01
 6.07326e-01
 6.04892e-01
 7.87590e-01
 8.12122e-01
 8.10445e-01
 7.82454e-01
 7.77915e-01
 7.97822e-01
 7.91578e-01
 8.08377e-01
 7.94970e-01
 8.15128e-01
 8.09156e-01
 7.80178e-01
 7.77613e-01
 8.05904e-01
 8.06479e-01
 7.75642e-01
 8.14487e-01
 7.82388e-01
 5.97906e-01
 5.96442e-01
 5.95362e-01
 5.93194e-01
 5.97065e-01
 5.97940e-01
 5.97006e-01
 5.97408e-01
 5.93942e-01
 5.95951e-01
 5.96199e-01
 5.95486e-01
 5.97356e-01
 5.98036e-01
 5.99051e-01
 5.98231e-01
 5.96178e-01
 5.96879e-01
 5.97666e-01
 5.96993e-01
 5.99089e-01
 5.99471e-01
 5.99105e-01
 5.99561e-01
 5.97636e-01
 5.98216e-01
 5.98300e-01
 5.97944e-01
 5.99300e-01
 5.99565e-01
 6.00295e-01
 5.99649e-01
 5.98264e-01
 5.98693e-01
 5.99042e-01
 5.99054e-01
 6.00415e-01
 6.00647e-01
 6.00600e-01
 6.00928e-01
 5.99351e-01
 5.99753e-01
 5.99936e-01
 5.99661e-01
 6.00828e-01
 6.01071e-01
 6.01737e-01
 6.01108e-01
 5.99880e-01
 6.00239e-01
 6.00520e-01
 6.00491e-01
 6.01703e-01
 6.02011e-01
 6.01701e-01
 6.02104e-01
 6.00704e-01
 6.01054e-01
 6.01117e-01
 6.00805e-01
 6.01692e-01
 6.02019e-01
 6.02335e-01
 6.01820e-01
 6.00882e-01
 6.01144e-01
 6.01271e-01
 6.01204e-01
 6.02071e-01
 6.02450e-01
 6.01836e-01
 6.02324e-01
 6.01235e-01
 6.01438e-01
 6.01318e-01
 6.00931e-01
 6.01597e-01
 6.02036e-01
 6.02047e-01
 6.01558e-01
 6.00805e-01
 6.00986e-01
 6.00948e-01
 6.00727e-01
 6.01457e-01
 6.02005e-01
 6.00890e-01
 6.01558e-01
 6.00550e-01
 6.00711e-01
 6.00380e-01
 5.99866e-01
 6.00370e-01
 6.00931e-01
 6.00594e-01
 6.00204e-01
 5.99589e-01
 5.99731e-01
 5.99565e-01
 5.99308e-01
 5.99792e-01
 6.00387e-01
 5.99069e-01
 5.99776e-01
 5.99036e-01
 5.99088e-01
 5.98623e-01
 5.98095e-01
 5.98880e-01
 5.99423e-01
 5.99479e-01
 5.99011e-01
 5.97761e-01
 5.98100e-01
 5.98137e-01
 5.97629e-01
 5.98280e-01
 5.99119e-01
 5.97384e-01
 5.98092e-01
 5.97696e-01
 5.97012e-01
 5.96888e-01
 5.96133e-01
 5.96982e-01
 5.97316e-01
 5.98177e-01
 5.96660e-01
 5.96114e-01
 5.95208e-01
 5.95420e-01
 5.94672e-01
 5.97000e-01
 5.98566e-01
 5.93404e-01
 5.95777e-01
 5.93354e-01
 5.95623e-01
 5.96950e-01
 5.97969e-01
 5.95256e-01
 5.94581e-01
 5.95793e-01
 5.94984e-01
 5.97898e-01
 5.96630e-01
 5.96684e-01
 5.97249e-01
 5.96476e-01
 5.95748e-01
 5.97278e-01
 5.96583e-01
 5.97031e-01
 5.97732e-01
 5.97873e-01
 5.98713e-01
 5.97852e-01
 5.97249e-01
 5.97587e-01
 5.97954e-01
 5.99151e-01
 5.98762e-01
 5.98785e-01
 5.99261e-01
 5.98401e-01
 5.97941e-01
 5.98884e-01
 5.98808e-01
 5.99273e-01
 5.99015e-01
 5.99422e-01
 6.00097e-01
 5.99463e-01
 5.99233e-01
 5.99312e-01
 5.99558e-01
 6.00469e-01
 6.00155e-01
 6.00280e-01
 6.00646e-01
 5.99954e-01
 5.99566e-01
 6.00223e-01
 6.00254e-01
 6.00838e-01
 6.00581e-01
 6.00881e-01
 6.01532e-01
 6.00777e-01
 6.00434e-01
 6.00490e-01
 6.00820e-01
 6.01799e-01
 6.01460e-01
 6.01429e-01
 6.01871e-01
 6.00811e-01
 6.00526e-01
 6.01184e-01
 6.00779e-01
 6.01792e-01
 6.01450e-01
 6.01650e-01
 6.02195e-01
 6.01225e-01
 6.01034e-01
 6.00640e-01
 6.01040e-01
 6.02286e-01
 6.01873e-01
 6.01569e-01
 6.02078e-01
 6.00691e-01
 6.00498e-01
 6.00761e-01
 6.00475e-01
 6.01805e-01
 6.01350e-01
 6.01357e-01
 6.01865e-01
 6.00398e-01
 6.00402e-01
 5.99647e-01
 6.00053e-01
 6.01681e-01
 6.01017e-01
 6.00673e-01
 6.00905e-01
 5.99601e-01
 5.99367e-01
 5.99506e-01
 5.99269e-01
 6.00318e-01
 6.00670e-01
 6.00191e-01
 6.00508e-01
 5.98852e-01
 5.98903e-01
 5.97717e-01
 5.98279e-01
 6.00206e-01
 5.99559e-01
 5.98686e-01
 5.99439e-01
 5.97581e-01
 5.97290e-01
 5.97721e-01
 5.97254e-01
 5.98416e-01
 5.98982e-01
 5.98614e-01
 5.99109e-01
 5.97402e-01
 5.96670e-01
 5.95699e-01
 5.96442e-01
 5.98702e-01
 5.97888e-01
 5.96902e-01
 5.97616e-01
 5.95644e-01
 5.94796e-01
 5.93192e-01
 5.94975e-01
 5.96472e-01
 5.96806e-01
 5.96158e-01
 5.96515e-01
 5.95378e-01
 5.94319e-01
 5.98264e-01
 5.97803e-01
END TIME STEP
