thickness
part
         1
coordinates
 9.07029e-01
 9.07029e-01
 9.07029e-01
 9.07029e-01
 9.07029e-01
 9.07029e-01
 9.07029e-01
 9.07029e-01
 9.07029e-01
 9.07029e-01
 9.07029e-01
 9.07029e-01
 9.07029e-01
 9.07029e-01
 9.07029e-01
 9.07029e-01
 9.07029e-01
 9.07029e-01
 9.07029e-01
 9.07029e-01
 9.07029e-01
 9.07029e-01
 9.07029e-01
 9.07029e-01
 9.07029e-01
 9.07029e-01
 9.07029e-01
 9.07029e-01
 9.07029e-01
 9.07029e-01
 9.07029e-01
 9.07029e-01
 9.07029e-01
 9.07029e-01
 9.07029e-01
 9.07029e-01
 9.07029e-01
 9.07029e-01
 9.07029e-01
 9.07029e-01
 9.07029e-01
 9.07029e-01
 9.07029e-01
 9.07029e-01
 9.07029e-01
 9.07029e-01
 9.07029e-01
 9.07029e-01
 9.07029e-01
 9.07029e-01
 9.07029e-01
 9.07029e-01
 9.07029e-01
 9.07029e-01
 9.07029e-01
 9.07029e-01
 9.07029e-01
 9.07029e-01
 9.07029e-01
 9.07029e-01
 9.07029e-01
 9.07029e-01
 9.07029e-01
 9.07029e-01
 9.07029e-01
 9.07029e-01
 9.07029e-01
 9.07029e-01
 9.07029e-01
 9.07029e-01
 9.07029e-01
 9.07029e-01
 9.07029e-01
 9.07029e-01
 9.07029e-01
 9.07029e-01
 9.07029e-01
 9.07029e-01
 9.07029e-01
 9.07029e-01
 9.07029e-01
 9.07029e-01
 9.07029e-01
 9.07029e-01
 9.07029e-01
 9.07029e-01
 9.07029e-01
 9.07029e-01
 9.07029e-01
 9.07029e-01
 9.07029e-01
 9.07029e-01
 9.07029e-01
 9.07029e-01
 9.07029e-01
 9.07029e-01
 9.07029e-01
 9.07029e-01
 9.07029e-01
 9.07029e-01
 9.07029e-01
 9.07029e-01
 9.07029e-01
 9.07029e-01
 9.07029e-01
 9.07029e-01
 9.07029e-01
 9.07029e-01
 9.07029e-01
 9.07029e-01
 9.07029e-01
 9.07029e-01
 9.07029e-01
 9.07029e-01
 9.07029e-01
 9.07029e-01
 9.07029e-01
 9.07029e-01
 9.07029e-01
 9.07029e-01
 9.07029e-01
 9.07029e-01
 9.07029e-01
 9.07029e-01
 9.07029e-01
 9.07029e-01
 9.07029e-01
 9.07029e-01
 9.07029e-01
 9.07029e-01
 9.07029e-01
 9.07029e-01
 9.07029e-01
 9.07029e-01
 9.07029e-01
 9.07029e-01
 9.07029e-01
 9.07029e-01
 9.07029e-01
 9.07029e-01
 9.07029e-01
 9.07029e-01
 9.07029e-01
 9.07029e-01
 9.07029e-01
 9.07029e-01
 9.07029e-01
 9.07029e-01
 9.07029e-01
 9.07029e-01
 9.07029e-01
 9.07029e-01
 9.07029e-01
 9.07029e-01
 9.07029e-01
 9.07029e-01
 9.07029e-01
 9.07029e-01
 9.07029e-01
 9.07029e-01
 9.07029e-01
 9.07029e-01
 9.07029e-01
 9.07029e-01
 9.07029e-01
 9.07029e-01
 9.07029e-01
 9.07029e-01
 9.07029e-01
 9.07029e-01
 9.07029e-01
 9.07029e-01
 9.07029e-01
 9.07029e-01
 9.07029e-01
 9.07029e-01
 8.47707e-01
 8.45809e-01
 8.02173e-01
 8.43662e-01
 8.00915e-01
 8.45666e-01
 8.19457e-01
 8.20587e-01
 8.02928e-01
 8.44799e-01
 8.07792e-01
 8.44590e-01
 8.04624e-01
 8.44009e-01
 8.07207e-01
 8.44895e-01
 8.01916e-01
 8.42275e-01
 8.14482e-01
 8.46917e-01
 7.71485e-01
 6.96497e-01
 6.46993e-01
 6.17331e-01
 5.98919e-01
 5.91076e-01
 5.94292e-01
 5.94667e-01
 5.96549e-01
 5.94581e-01
 5.94022e-01
 5.91353e-01
 5.98635e-01
 6.28490e-01
 6.66511e-01
 7.23048e-01
 7.93224e-01
 8.51277e-01
 8.03319e-01
 8.43134e-01
 8.01592e-01
 8.45196e-01
 8.19507e-01
 8.20902e-01
 8.03454e-01
 8.45151e-01
 8.08488e-01
 8.44820e-01
 8.03817e-01
 8.20095e-01
 8.19997e-01
 8.17360e-01
 8.16255e-01
 8.44802e-01
 8.15787e-01
 7.70373e-01
 6.87429e-01
 6.33503e-01
 6.13745e-01
 5.98259e-01
 5.91291e-01
 5.94644e-01
 5.95098e-01
 5.96445e-01
 5.94908e-01
 5.94657e-01
 5.91773e-01
 5.97839e-01
 6.23559e-01
 6.63788e-01
 7.20380e-01
 7.91910e-01
 5.92010e-01
 5.92354e-01
 5.94688e-01
 5.91524e-01
 5.94083e-01
 5.97345e-01
 5.91642e-01
 5.94064e-01
 5.97047e-01
 5.91677e-01
 5.93842e-01
 5.96882e-01
 6.07854e-01
 6.00907e-01
 6.06365e-01
 6.01096e-01
 6.04820e-01
 5.99841e-01
 6.09536e-01
 6.01399e-01
 6.01682e-01
 5.97567e-01
 5.93206e-01
 5.96614e-01
 5.99166e-01
 6.10272e-01
 5.96021e-01
 5.92545e-01
 5.96981e-01
 6.00838e-01
 5.98864e-01
 5.96057e-01
 5.92705e-01
 5.97293e-01
 5.96796e-01
 5.92663e-01
 5.95914e-01
 7.01731e-01
 6.45928e-01
 7.09412e-01
 7.27262e-01
 6.53103e-01
 7.15200e-01
 7.31037e-01
 6.55376e-01
 6.17762e-01
 6.16648e-01
 6.19057e-01
 6.17883e-01
 6.20675e-01
 5.92263e-01
 5.93651e-01
 5.96921e-01
 5.97773e-01
 5.99094e-01
 7.16967e-01
 7.28981e-01
 6.54738e-01
 7.10291e-01
 6.81359e-01
 6.47097e-01
 6.15559e-01
 6.20982e-01
 6.23503e-01
 6.20233e-01
 5.97482e-01
 5.96509e-01
 5.93148e-01
 5.91408e-01
 5.91827e-01
 5.96589e-01
 5.93187e-01
 5.98887e-01
 5.97488e-01
 6.19632e-01
 6.54570e-01
 6.23041e-01
 6.16189e-01
 6.56197e-01
 6.21384e-01
 6.18063e-01
 6.56785e-01
 7.04880e-01
 7.28694e-01
 7.12244e-01
 7.32355e-01
 7.17413e-01
 5.96589e-01
 5.97403e-01
 5.91881e-01
 5.93245e-01
 6.21189e-01
 6.15539e-01
 6.54901e-01
 6.21205e-01
 6.16732e-01
 6.48127e-01
 7.28917e-01
 7.17013e-01
 7.04728e-01
 7.11728e-01
 7.48056e-01
 7.71496e-01
 7.56558e-01
 7.79730e-01
 7.83858e-01
 7.67981e-01
 7.60177e-01
 7.81884e-01
 7.71204e-01
 6.12868e-01
 6.08469e-01
 6.07786e-01
 6.09060e-01
 6.08072e-01
 6.10851e-01
 6.09144e-01
 6.10869e-01
 6.10067e-01
 5.91920e-01
 5.92927e-01
 5.95323e-01
 5.96478e-01
 5.98173e-01
 5.98373e-01
 5.99277e-01
 5.99538e-01
 6.00396e-01
 7.82594e-01
 7.62937e-01
 7.81593e-01
 7.70250e-01
 7.80293e-01
 7.58119e-01
 7.76107e-01
 7.17971e-01
 6.11082e-01
 6.10220e-01
 6.08256e-01
 6.09187e-01
 6.09329e-01
 6.06004e-01
 6.12433e-01
 6.06374e-01
 5.99537e-01
 5.99228e-01
 5.98204e-01
 5.98078e-01
 5.96330e-01
 5.95348e-01
 5.92472e-01
 5.91535e-01
 5.91501e-01
 5.94934e-01
 5.92438e-01
 5.97923e-01
 5.96154e-01
 5.98995e-01
 5.98052e-01
 6.00162e-01
 5.99269e-01
 6.08710e-01
 6.08539e-01
 6.10528e-01
 6.06258e-01
 6.08443e-01
 6.09247e-01
 6.11040e-01
 6.10146e-01
 6.10886e-01
 7.29436e-01
 7.74080e-01
 7.68264e-01
 7.83394e-01
 7.67841e-01
 7.61180e-01
 7.69165e-01
 7.71555e-01
 7.82673e-01
 5.99108e-01
 5.99311e-01
 5.97960e-01
 5.98136e-01
 5.94993e-01
 5.96112e-01
 5.91575e-01
 5.92460e-01
 6.10173e-01
 6.11088e-01
 6.09178e-01
 6.08201e-01
 6.05905e-01
 6.09971e-01
 6.08044e-01
 6.08700e-01
 7.61180e-01
 7.82728e-01
 7.84723e-01
 7.69111e-01
 7.58260e-01
 7.80681e-01
 7.50621e-01
 7.72985e-01
 6.02341e-01
 5.99082e-01
 6.00311e-01
 6.03142e-01
 5.97827e-01
 5.97941e-01
 5.99963e-01
 5.98775e-01
 6.01530e-01
 6.03565e-01
 5.99830e-01
 6.00035e-01
 6.00974e-01
 6.00196e-01
 6.02813e-01
 6.04995e-01
 6.01255e-01
 6.01251e-01
 6.02411e-01
 6.01688e-01
 6.03802e-01
 6.05362e-01
 6.02314e-01
 6.02511e-01
 6.02881e-01
 6.02441e-01
 5.92540e-01
 5.94599e-01
 5.95404e-01
 5.96395e-01
 5.97078e-01
 5.97414e-01
 5.97748e-01
 5.98374e-01
 5.99071e-01
 5.99265e-01
 5.99449e-01
 5.99922e-01
 6.00439e-01
 6.00564e-01
 6.00551e-01
 6.00795e-01
 6.01135e-01
 6.03919e-01
 6.05180e-01
 6.02442e-01
 6.02787e-01
 6.02590e-01
 6.02342e-01
 6.03042e-01
 6.03288e-01
 6.01512e-01
 6.02218e-01
 6.00998e-01
 6.01066e-01
 6.01348e-01
 6.02924e-01
 5.99670e-01
 6.00445e-01
 6.00050e-01
 5.99953e-01
 6.00472e-01
 6.02246e-01
 5.97870e-01
 5.98875e-01
 5.99433e-01
 5.97752e-01
 6.00889e-01
 6.00579e-01
 6.00511e-01
 6.00462e-01
 5.99981e-01
 5.99402e-01
 5.99150e-01
 5.99057e-01
 5.98333e-01
 5.97628e-01
 5.97331e-01
 5.97121e-01
 5.96383e-01
 5.95267e-01
 5.94031e-01
 5.92099e-01
 5.92077e-01
 5.94941e-01
 5.93921e-01
 5.96670e-01
 5.95952e-01
 5.97380e-01
 5.97040e-01
 5.98987e-01
 5.98103e-01
 5.99100e-01
 5.98872e-01
 6.00172e-01
 5.99634e-01
 6.00214e-01
 6.00267e-01
 6.00892e-01
 6.00374e-01
 5.98602e-01
 6.02063e-01
 5.98044e-01
 5.97615e-01
 6.00576e-01
 5.98454e-01
 5.99647e-01
 6.03255e-01
 5.99768e-01
 5.99533e-01
 6.01243e-01
 5.99945e-01
 6.00783e-01
 6.03200e-01
 6.01062e-01
 6.01036e-01
 6.02740e-01
 6.01514e-01
 6.02218e-01
 6.04956e-01
 6.02316e-01
 6.02096e-01
 6.03683e-01
 6.02289e-01
 6.02705e-01
 6.05241e-01
 6.00263e-01
 6.00621e-01
 6.00388e-01
 6.00196e-01
 5.99158e-01
 5.99764e-01
 5.99023e-01
 5.98923e-01
 5.97184e-01
 5.98051e-01
 5.96933e-01
 5.96771e-01
 5.94872e-01
 5.95975e-01
 5.92028e-01
 5.93704e-01
 6.02563e-01
 6.02206e-01
 6.03742e-01
 6.02175e-01
 6.02367e-01
 6.05038e-01
 6.01622e-01
 6.01072e-01
 6.02811e-01
 6.01077e-01
 6.00812e-01
 6.03109e-01
 6.00171e-01
 5.99274e-01
 6.01120e-01
 5.99612e-01
 5.99545e-01
 6.03010e-01
 5.98391e-01
 5.97355e-01
 6.00188e-01
 5.97251e-01
 5.99275e-01
 6.03741e-01
 5.96798e-01
 5.96456e-01
 5.96736e-01
 5.97504e-01
 5.98415e-01
 5.98817e-01
 5.98669e-01
 5.99036e-01
 5.99716e-01
 6.00277e-01
 6.00268e-01
 6.00526e-01
 6.01110e-01
 6.01487e-01
 6.01301e-01
 6.01335e-01
 6.01682e-01
 6.01742e-01
 6.01323e-01
 6.01125e-01
 6.01208e-01
 6.00944e-01
 6.00214e-01
 5.99829e-01
 5.99718e-01
 5.99213e-01
 5.98324e-01
 5.98646e-01
 5.98434e-01
 5.97532e-01
 5.96750e-01
 5.96326e-01
 5.95903e-01
 5.95758e-01
 5.96089e-01
 5.96350e-01
 5.97127e-01
 5.98037e-01
 5.98481e-01
 5.98340e-01
 5.98759e-01
 5.99562e-01
 5.99840e-01
 5.99963e-01
 6.00266e-01
 6.00863e-01
 6.01202e-01
 6.00990e-01
 6.01070e-01
 6.01590e-01
 6.01465e-01
 6.01035e-01
 6.00842e-01
 6.01054e-01
 6.00376e-01
 6.00020e-01
 5.99861e-01
 5.99634e-01
 5.98871e-01
 5.97914e-01
 5.98060e-01
 5.98170e-01
 5.97102e-01
 5.96250e-01
 5.95811e-01
 5.95410e-01
 6.05569e-01
 6.04755e-01
 6.05134e-01
 6.04523e-01
