BEGIN TIME STEP
thickness
part
         1
coordinates
 9.07029e-01
 9.07029e-01
 9.07029e-01
 9.07029e-01
 9.07029e-01
 9.07029e-01
 9.07029e-01
 9.07029e-01
 9.07029e-01
 9.07029e-01
 9.07029e-01
 9.07029e-01
 9.07029e-01
 9.07029e-01
 9.07029e-01
 9.07029e-01
 9.07029e-01
 9.07029e-01
 9.07029e-01
 9.07029e-01
 9.07029e-01
 9.07029e-01
 9.07029e-01
 9.07029e-01
 9.07029e-01
 9.07029e-01
 9.07029e-01
 9.07029e-01
 9.07029e-01
 9.07029e-01
 9.07029e-01
 9.07029e-01
 9.07029e-01
 9.07029e-01
 9.07029e-01
 9.07029e-01
 9.07029e-01
 9.07029e-01
 9.07029e-01
 9.07029e-01
 9.07029e-01
 9.07029e-01
 9.07029e-01
 9.07029e-01
 9.07029e-01
 9.07029e-01
 9.07029e-01
 9.07029e-01
 9.07029e-01
 9.07029e-01
 9.07029e-01
 9.07029e-01
 9.07029e-01
 9.07029e-01
 9.07029e-01
 9.07029e-01
 9.07029e-01
 9.07029e-01
 9.07029e-01
 9.07029e-01
 9.07029e-01
 9.07029e-01
 9.07029e-01
 9.07029e-01
 9.07029e-01
 9.07029e-01
 9.07029e-01
 9.07029e-01
 9.07029e-01
 9.07029e-01
 9.07029e-01
 9.07029e-01
 9.07029e-01
 9.07029e-01
 9.07029e-01
 9.07029e-01
 9.07029e-01
 9.07029e-01
 9.07029e-01
 9.07029e-01
 9.07029e-01
 9.07029e-01
 9.07029e-01
 9.07029e-01
 9.07029e-01
 9.07029e-01
 9.07029e-01
 9.07029e-01
 9.07029e-01
 9.07029e-01
 9.07029e-01
 9.07029e-01
 9.07029e-01
 9.07029e-01
 9.07029e-01
 9.07029e-01
 9.07029e-01
 9.07029e-01
 9.07029e-01
 9.07029e-01
 9.07029e-01
 9.07029e-01
 9.07029e-01
 9.07029e-01
 9.07029e-01
 9.07029e-01
 9.07029e-01
 9.07029e-01
 9.07029e-01
 9.07029e-01
 9.07029e-01
 9.07029e-01
 9.07029e-01
 9.07029e-01
 9.07029e-01
 9.07029e-01
 9.07029e-01
 9.07029e-01
 9.07029e-01
 9.07029e-01
 9.07029e-01
 9.07029e-01
 9.07029e-01
 9.07029e-01
 9.07029e-01
 9.07029e-01
 9.07029e-01
 9.07029e-01
 9.07029e-01
 9.07029e-01
 9.07029e-01
 9.07029e-01
 9.07029e-01
 9.07029e-01
 9.07029e-01
 9.07029e-01
 9.07029e-01
 9.07029e-01
 9.07029e-01
 9.07029e-01
 9.07029e-01
 9.07029e-01
 9.07029e-01
 9.07029e-01
 9.07029e-01
 9.07029e-01
 9.07029e-01
 9.07029e-01
 9.07029e-01
 9.07029e-01
 9.07029e-01
 9.07029e-01
 9.07029e-01
 9.07029e-01
 9.07029e-01
 9.07029e-01
 9.07029e-01
 9.07029e-01
 9.07029e-01
 9.07029e-01
 9.07029e-01
 9.07029e-01
 9.07029e-01
 9.07029e-01
 9.07029e-01
 9.07029e-01
 9.07029e-01
 9.07029e-01
 9.07029e-01
 9.07029e-01
 9.07029e-01
 9.07029e-01
 9.07029e-01
 9.07029e-01
 9.07029e-01
 9.07029e-01
 8.36678e-01
 8.35487e-01
 7.98732e-01
 8.33593e-01
 7.97518e-01
 8.34963e-01
 8.12800e-01
 8.13982e-01
 7.99230e-01
 8.34150e-01
 8.03192e-01
 8.33964e-01
 8.00460e-01
 8.33338e-01
 8.02613e-01
 8.34271e-01
 7.98110e-01
 8.32221e-01
 8.08808e-01
 8.35991e-01
 7.75118e-01
 7.19486e-01
 6.88724e-01
 6.74102e-01
 6.71367e-01
 6.72270e-01
 6.76127e-01
 6.75784e-01
 6.78086e-01
 6.75761e-01
 6.75901e-01
 6.72219e-01
 6.71133e-01
 6.78711e-01
 6.99880e-01
 7.38752e-01
 7.92457e-01
 8.40376e-01
 7.99670e-01
 8.33090e-01
 7.98020e-01
 8.34493e-01
 8.12785e-01
 8.14213e-01
 7.99618e-01
 8.34393e-01
 8.03703e-01
 8.34106e-01
 7.99893e-01
 8.13470e-01
 8.13382e-01
 8.11113e-01
 8.10412e-01
 8.34799e-01
 8.10092e-01
 7.74800e-01
 7.13648e-01
 6.80904e-01
 6.73854e-01
 6.70974e-01
 6.72131e-01
 6.76392e-01
 6.76125e-01
 6.77941e-01
 6.75898e-01
 6.76289e-01
 6.72411e-01
 6.71408e-01
 6.77375e-01
 6.98361e-01
 7.36809e-01
 7.91425e-01
 6.70900e-01
 6.70040e-01
 6.70863e-01
 6.70669e-01
 6.70853e-01
 6.71435e-01
 6.70690e-01
 6.70854e-01
 6.71076e-01
 6.70782e-01
 6.70780e-01
 6.71185e-01
 6.72725e-01
 6.71449e-01
 6.71873e-01
 6.71597e-01
 6.71826e-01
 6.70705e-01
 6.72956e-01
 6.71158e-01
 6.81008e-01
 6.77810e-01
 6.74133e-01
 6.76004e-01
 6.77692e-01
 6.87668e-01
 6.75582e-01
 6.73722e-01
 6.77446e-01
 6.80386e-01
 6.77568e-01
 6.75695e-01
 6.73856e-01
 6.77693e-01
 6.77328e-01
 6.73831e-01
 6.75587e-01
 7.23716e-01
 6.88541e-01
 7.29614e-01
 7.42599e-01
 6.93977e-01
 7.33842e-01
 7.45708e-01
 6.95735e-01
 6.75346e-01
 6.77198e-01
 6.77086e-01
 6.78343e-01
 6.79042e-01
 6.72244e-01
 6.72787e-01
 6.74784e-01
 6.75493e-01
 6.76332e-01
 7.35125e-01
 7.43886e-01
 6.95064e-01
 7.29949e-01
 7.09724e-01
 6.88533e-01
 6.76756e-01
 6.79366e-01
 6.76487e-01
 6.76664e-01
 6.75279e-01
 6.74441e-01
 6.72348e-01
 6.71359e-01
 6.72032e-01
 6.74665e-01
 6.72570e-01
 6.76296e-01
 6.75400e-01
 6.75824e-01
 6.93533e-01
 6.78277e-01
 6.76978e-01
 6.95706e-01
 6.79426e-01
 6.78337e-01
 6.96618e-01
 7.25787e-01
 7.43494e-01
 7.31241e-01
 7.46699e-01
 7.35416e-01
 6.74649e-01
 6.75332e-01
 6.72081e-01
 6.72597e-01
 6.79401e-01
 6.76739e-01
 6.95032e-01
 6.77379e-01
 6.74687e-01
 6.89493e-01
 7.43789e-01
 7.35165e-01
 7.25829e-01
 7.31200e-01
 7.56303e-01
 7.75233e-01
 7.62779e-01
 7.81526e-01
 7.84555e-01
 7.72084e-01
 7.65808e-01
 7.83403e-01
 7.74719e-01
 6.73972e-01
 6.73903e-01
 6.72943e-01
 6.75495e-01
 6.74370e-01
 6.76487e-01
 6.75499e-01
 6.77040e-01
 6.76307e-01
 6.71233e-01
 6.71084e-01
 6.72175e-01
 6.73300e-01
 6.74245e-01
 6.74641e-01
 6.75180e-01
 6.75550e-01
 6.75945e-01
 7.83956e-01
 7.67977e-01
 7.82999e-01
 7.73790e-01
 7.81994e-01
 7.63642e-01
 7.78360e-01
 7.34265e-01
 6.76707e-01
 6.76453e-01
 6.75148e-01
 6.75674e-01
 6.74144e-01
 6.73804e-01
 6.72688e-01
 6.72362e-01
 6.75550e-01
 6.75152e-01
 6.74514e-01
 6.74193e-01
 6.73194e-01
 6.72172e-01
 6.70653e-01
 6.70446e-01
 6.71027e-01
 6.72001e-01
 6.70865e-01
 6.74158e-01
 6.73160e-01
 6.75074e-01
 6.74536e-01
 6.75869e-01
 6.75470e-01
 6.72934e-01
 6.73374e-01
 6.74760e-01
 6.73880e-01
 6.75186e-01
 6.75619e-01
 6.76578e-01
 6.76315e-01
 6.76992e-01
 7.43981e-01
 7.76442e-01
 7.72615e-01
 7.84117e-01
 7.71635e-01
 7.66500e-01
 7.72950e-01
 7.74926e-01
 7.83957e-01
 6.75155e-01
 6.75483e-01
 6.74184e-01
 6.74578e-01
 6.72043e-01
 6.73149e-01
 6.71129e-01
 6.70896e-01
 6.76355e-01
 6.76681e-01
 6.75682e-01
 6.75177e-01
 6.73806e-01
 6.74604e-01
 6.73160e-01
 6.73236e-01
 7.66547e-01
 7.84021e-01
 7.85213e-01
 7.72948e-01
 7.64080e-01
 7.82203e-01
 7.58332e-01
 7.76360e-01
 6.71646e-01
 6.71383e-01
 6.71739e-01
 6.72451e-01
 6.71743e-01
 6.71462e-01
 6.72208e-01
 6.72072e-01
 6.72437e-01
 6.73572e-01
 6.72852e-01
 6.72390e-01
 6.73349e-01
 6.72971e-01
 6.73669e-01
 6.74681e-01
 6.74041e-01
 6.73597e-01
 6.74483e-01
 6.74203e-01
 6.74475e-01
 6.75101e-01
 6.74882e-01
 6.74604e-01
 6.74874e-01
 6.74805e-01
 6.70403e-01
 6.71019e-01
 6.71750e-01
 6.72140e-01
 6.72470e-01
 6.72780e-01
 6.73339e-01
 6.73563e-01
 6.74151e-01
 6.74178e-01
 6.74603e-01
 6.74780e-01
 6.75260e-01
 6.75259e-01
 6.75466e-01
 6.75397e-01
 6.75741e-01
 6.74584e-01
 6.74864e-01
 6.74987e-01
 6.74835e-01
 6.74641e-01
 6.74733e-01
 6.73929e-01
 6.73564e-01
 6.74276e-01
 6.74400e-01
 6.73458e-01
 6.73753e-01
 6.72559e-01
 6.72579e-01
 6.72976e-01
 6.73089e-01
 6.72405e-01
 6.72496e-01
 6.72062e-01
 6.71813e-01
 6.71863e-01
 6.72191e-01
 6.71586e-01
 6.71601e-01
 6.75458e-01
 6.75491e-01
 6.75236e-01
 6.75289e-01
 6.74821e-01
 6.74573e-01
 6.74121e-01
 6.74168e-01
 6.73598e-01
 6.73322e-01
 6.72772e-01
 6.72477e-01
 6.72081e-01
 6.71633e-01
 6.70761e-01
 6.70181e-01
 6.70332e-01
 6.71556e-01
 6.70799e-01
 6.72264e-01
 6.71919e-01
 6.73138e-01
 6.72596e-01
 6.73946e-01
 6.73391e-01
 6.74497e-01
 6.74169e-01
 6.75159e-01
 6.74683e-01
 6.75347e-01
 6.75144e-01
 6.75474e-01
 6.75361e-01
 6.70899e-01
 6.71479e-01
 6.71351e-01
 6.71687e-01
 6.71894e-01
 6.71923e-01
 6.72018e-01
 6.72657e-01
 6.72287e-01
 6.72731e-01
 6.72424e-01
 6.72882e-01
 6.73278e-01
 6.73432e-01
 6.73528e-01
 6.74010e-01
 6.73694e-01
 6.74164e-01
 6.74411e-01
 6.74683e-01
 6.74522e-01
 6.74795e-01
 6.74414e-01
 6.74742e-01
 6.74748e-01
 6.75002e-01
 6.75352e-01
 6.75291e-01
 6.75145e-01
 6.75272e-01
 6.74501e-01
 6.74715e-01
 6.73976e-01
 6.74197e-01
 6.73098e-01
 6.73405e-01
 6.72299e-01
 6.72647e-01
 6.71494e-01
 6.71854e-01
 6.70346e-01
 6.70700e-01
 6.74678e-01
 6.74859e-01
 6.74464e-01
 6.74672e-01
 6.74554e-01
 6.74807e-01
 6.74252e-01
 6.74058e-01
 6.73807e-01
 6.73558e-01
 6.73251e-01
 6.73444e-01
 6.72885e-01
 6.72776e-01
 6.72458e-01
 6.72287e-01
 6.71952e-01
 6.72632e-01
 6.71800e-01
 6.71548e-01
 6.71675e-01
 6.71292e-01
 6.71274e-01
 6.71868e-01
 6.71335e-01
 6.71484e-01
 6.71913e-01
 6.72100e-01
 6.72366e-01
 6.72686e-01
 6.73035e-01
 6.73115e-01
 6.73547e-01
 6.73883e-01
 6.74299e-01
 6.74319e-01
 6.74677e-01
 6.74862e-01
 6.75109e-01
 6.74926e-01
 6.75100e-01
 6.75046e-01
 6.75130e-01
 6.74795e-01
 6.74770e-01
 6.74457e-01
 6.74266e-01
 6.73768e-01
 6.73614e-01
 6.73219e-01
 6.73049e-01
 6.72712e-01
 6.72432e-01
 6.72128e-01
 6.71935e-01
 6.71551e-01
 6.71262e-01
 6.71098e-01
 6.71404e-01
 6.71758e-01
 6.71929e-01
 6.72182e-01
 6.72537e-01
 6.72875e-01
 6.72960e-01
 6.73344e-01
 6.73824e-01
 6.74224e-01
 6.74241e-01
 6.74584e-01
 6.74740e-01
 6.75009e-01
 6.75001e-01
 6.74921e-01
 6.74871e-01
 6.75021e-01
 6.74862e-01
 6.74611e-01
 6.74286e-01
 6.74249e-01
 6.73851e-01
 6.73361e-01
 6.72983e-01
 6.72863e-01
 6.72507e-01
 6.72079e-01
 6.71831e-01
 6.71666e-01
 6.71302e-01
 6.71024e-01
 6.83680e-01
 6.83062e-01
 6.83416e-01
 6.82936e-01
END TIME STEP
BEGIN TIME STEP
thickness
part
         1
coordinates
 9.07029e-01
 9.07029e-01
 9.07029e-01
 9.07029e-01
 9.07029e-01
 9.07029e-01
 9.07029e-01
 9.07029e-01
 9.07029e-01
 9.07029e-01
 9.07029e-01
 9.07029e-01
 9.07029e-01
 9.07029e-01
 9.07029e-01
 9.07029e-01
 9.07029e-01
 9.07029e-01
 9.07029e-01
 9.07029e-01
 9.07029e-01
 9.07029e-01
 9.07029e-01
 9.07029e-01
 9.07029e-01
 9.07029e-01
 9.07029e-01
 9.07029e-01
 9.07029e-01
 9.07029e-01
 9.07029e-01
 9.07029e-01
 9.07029e-01
 9.07029e-01
 9.07029e-01
 9.07029e-01
 9.07029e-01
 9.07029e-01
 9.07029e-01
 9.07029e-01
 9.07029e-01
 9.07029e-01
 9.07029e-01
 9.07029e-01
 9.07029e-01
 9.07029e-01
 9.07029e-01
 9.07029e-01
 9.07029e-01
 9.07029e-01
 9.07029e-01
 9.07029e-01
 9.07029e-01
 9.07029e-01
 9.07029e-01
 9.07029e-01
 9.07029e-01
 9.07029e-01
 9.07029e-01
 9.07029e-01
 9.07029e-01
 9.07029e-01
 9.07029e-01
 9.07029e-01
 9.07029e-01
 9.07029e-01
 9.07029e-01
 9.07029e-01
 9.07029e-01
 9.07029e-01
 9.07029e-01
 9.07029e-01
 9.07029e-01
 9.07029e-01
 9.07029e-01
 9.07029e-01
 9.07029e-01
 9.07029e-01
 9.07029e-01
 9.07029e-01
 9.07029e-01
 9.07029e-01
 9.07029e-01
 9.07029e-01
 9.07029e-01
 9.07029e-01
 9.07029e-01
 9.07029e-01
 9.07029e-01
 9.07029e-01
 9.07029e-01
 9.07029e-01
 9.07029e-01
 9.07029e-01
 9.07029e-01
 9.07029e-01
 9.07029e-01
 9.07029e-01
 9.07029e-01
 9.07029e-01
 9.07029e-01
 9.07029e-01
 9.07029e-01
 9.07029e-01
 9.07029e-01
 9.07029e-01
 9.07029e-01
 9.07029e-01
 9.07029e-01
 9.07029e-01
 9.07029e-01
 9.07029e-01
 9.07029e-01
 9.07029e-01
 9.07029e-01
 9.07029e-01
 9.07029e-01
 9.07029e-01
 9.07029e-01
 9.07029e-01
 9.07029e-01
 9.07029e-01
 9.07029e-01
 9.07029e-01
 9.07029e-01
 9.07029e-01
 9.07029e-01
 9.07029e-01
 9.07029e-01
 9.07029e-01
 9.07029e-01
 9.07029e-01
 9.07029e-01
 9.07029e-01
 9.07029e-01
 9.07029e-01
 9.07029e-01
 9.07029e-01
 9.07029e-01
 9.07029e-01
 9.07029e-01
 9.07029e-01
 9.07029e-01
 9.07029e-01
 9.07029e-01
 9.07029e-01
 9.07029e-01
 9.07029e-01
 9.07029e-01
 9.07029e-01
 9.07029e-01
 9.07029e-01
 9.07029e-01
 9.07029e-01
 9.07029e-01
 9.07029e-01
 9.07029e-01
 9.07029e-01
 9.07029e-01
 9.07029e-01
 9.07029e-01
 9.07029e-01
 9.07029e-01
 9.07029e-01
 9.07029e-01
 9.07029e-01
 9.07029e-01
 9.07029e-01
 9.07029e-01
 9.07029e-01
 9.07029e-01
 9.07029e-01
 9.07029e-01
 9.07029e-01
 9.07029e-01
 9.07029e-01
 8.47707e-01
 8.45809e-01
 8.02173e-01
 8.43662e-01
 8.00915e-01
 8.45666e-01
 8.19457e-01
 8.20587e-01
 8.02928e-01
 8.44799e-01
 8.07792e-01
 8.44590e-01
 8.04624e-01
 8.44009e-01
 8.07207e-01
 8.44895e-01
 8.01916e-01
 8.42275e-01
 8.14482e-01
 8.46917e-01
 7.71485e-01
 6.96497e-01
 6.46993e-01
 6.17331e-01
 5.98919e-01
 5.91076e-01
 5.94292e-01
 5.94667e-01
 5.96549e-01
 5.94581e-01
 5.94022e-01
 5.91353e-01
 5.98635e-01
 6.28490e-01
 6.66511e-01
 7.23048e-01
 7.93224e-01
 8.51277e-01
 8.03319e-01
 8.43134e-01
 8.01592e-01
 8.45196e-01
 8.19507e-01
 8.20902e-01
 8.03454e-01
 8.45151e-01
 8.08488e-01
 8.44820e-01
 8.03817e-01
 8.20095e-01
 8.19997e-01
 8.17360e-01
 8.16255e-01
 8.44802e-01
 8.15787e-01
 7.70373e-01
 6.87429e-01
 6.33503e-01
 6.13745e-01
 5.98259e-01
 5.91291e-01
 5.94644e-01
 5.95098e-01
 5.96445e-01
 5.94908e-01
 5.94657e-01
 5.91773e-01
 5.97839e-01
 6.23559e-01
 6.63788e-01
 7.20380e-01
 7.91910e-01
 5.92010e-01
 5.92354e-01
 5.94688e-01
 5.91524e-01
 5.94083e-01
 5.97345e-01
 5.91642e-01
 5.94064e-01
 5.97047e-01
 5.91677e-01
 5.93842e-01
 5.96882e-01
 6.07854e-01
 6.00907e-01
 6.06365e-01
 6.01096e-01
 6.04820e-01
 5.99841e-01
 6.09536e-01
 6.01399e-01
 6.01682e-01
 5.97567e-01
 5.93206e-01
 5.96614e-01
 5.99166e-01
 6.10272e-01
 5.96021e-01
 5.92545e-01
 5.96981e-01
 6.00838e-01
 5.98864e-01
 5.96057e-01
 5.92705e-01
 5.97293e-01
 5.96796e-01
 5.92663e-01
 5.95914e-01
 7.01731e-01
 6.45928e-01
 7.09412e-01
 7.27262e-01
 6.53103e-01
 7.15200e-01
 7.31037e-01
 6.55376e-01
 6.17762e-01
 6.16648e-01
 6.19057e-01
 6.17883e-01
 6.20675e-01
 5.92263e-01
 5.93651e-01
 5.96921e-01
 5.97773e-01
 5.99094e-01
 7.16967e-01
 7.28981e-01
 6.54738e-01
 7.10291e-01
 6.81359e-01
 6.47097e-01
 6.15559e-01
 6.20982e-01
 6.23503e-01
 6.20233e-01
 5.97482e-01
 5.96509e-01
 5.93148e-01
 5.91408e-01
 5.91827e-01
 5.96589e-01
 5.93187e-01
 5.98887e-01
 5.97488e-01
 6.19632e-01
 6.54570e-01
 6.23041e-01
 6.16189e-01
 6.56197e-01
 6.21384e-01
 6.18063e-01
 6.56785e-01
 7.04880e-01
 7.28694e-01
 7.12244e-01
 7.32355e-01
 7.17413e-01
 5.96589e-01
 5.97403e-01
 5.91881e-01
 5.93245e-01
 6.21189e-01
 6.15539e-01
 6.54901e-01
 6.21205e-01
 6.16732e-01
 6.48127e-01
 7.28917e-01
 7.17013e-01
 7.04728e-01
 7.11728e-01
 7.48056e-01
 7.71496e-01
 7.56558e-01
 7.79730e-01
 7.83858e-01
 7.67981e-01
 7.60177e-01
 7.81884e-01
 7.71204e-01
 6.12868e-01
 6.08469e-01
 6.07786e-01
 6.09060e-01
 6.08072e-01
 6.10851e-01
 6.09144e-01
 6.10869e-01
 6.10067e-01
 5.91920e-01
 5.92927e-01
 5.95323e-01
 5.96478e-01
 5.98173e-01
 5.98373e-01
 5.99277e-01
 5.99538e-01
 6.00396e-01
 7.82594e-01
 7.62937e-01
 7.81593e-01
 7.70250e-01
 7.80293e-01
 7.58119e-01
 7.76107e-01
 7.17971e-01
 6.11082e-01
 6.10220e-01
 6.08256e-01
 6.09187e-01
 6.09329e-01
 6.06004e-01
 6.12433e-01
 6.06374e-01
 5.99537e-01
 5.99228e-01
 5.98204e-01
 5.98078e-01
 5.96330e-01
 5.95348e-01
 5.92472e-01
 5.91535e-01
 5.91501e-01
 5.94934e-01
 5.92438e-01
 5.97923e-01
 5.96154e-01
 5.98995e-01
 5.98052e-01
 6.00162e-01
 5.99269e-01
 6.08710e-01
 6.08539e-01
 6.10528e-01
 6.06258e-01
 6.08443e-01
 6.09247e-01
 6.11040e-01
 6.10146e-01
 6.10886e-01
 7.29436e-01
 7.74080e-01
 7.68264e-01
 7.83394e-01
 7.67841e-01
 7.61180e-01
 7.69165e-01
 7.71555e-01
 7.82673e-01
 5.99108e-01
 5.99311e-01
 5.97960e-01
 5.98136e-01
 5.94993e-01
 5.96112e-01
 5.91575e-01
 5.92460e-01
 6.10173e-01
 6.11088e-01
 6.09178e-01
 6.08201e-01
 6.05905e-01
 6.09971e-01
 6.08044e-01
 6.08700e-01
 7.61180e-01
 7.82728e-01
 7.84723e-01
 7.69111e-01
 7.58260e-01
 7.80681e-01
 7.50621e-01
 7.72985e-01
 6.02341e-01
 5.99082e-01
 6.00311e-01
 6.03142e-01
 5.97827e-01
 5.97941e-01
 5.99963e-01
 5.98775e-01
 6.01530e-01
 6.03565e-01
 5.99830e-01
 6.00035e-01
 6.00974e-01
 6.00196e-01
 6.02813e-01
 6.04995e-01
 6.01255e-01
 6.01251e-01
 6.02411e-01
 6.01688e-01
 6.03802e-01
 6.05362e-01
 6.02314e-01
 6.02511e-01
 6.02881e-01
 6.02441e-01
 5.92540e-01
 5.94599e-01
 5.95404e-01
 5.96395e-01
 5.97078e-01
 5.97414e-01
 5.97748e-01
 5.98374e-01
 5.99071e-01
 5.99265e-01
 5.99449e-01
 5.99922e-01
 6.00439e-01
 6.00564e-01
 6.00551e-01
 6.00795e-01
 6.01135e-01
 6.03919e-01
 6.05180e-01
 6.02442e-01
 6.02787e-01
 6.02590e-01
 6.02342e-01
 6.03042e-01
 6.03288e-01
 6.01512e-01
 6.02218e-01
 6.00998e-01
 6.01066e-01
 6.01348e-01
 6.02924e-01
 5.99670e-01
 6.00445e-01
 6.00050e-01
 5.99953e-01
 6.00472e-01
 6.02246e-01
 5.97870e-01
 5.98875e-01
 5.99433e-01
 5.97752e-01
 6.00889e-01
 6.00579e-01
 6.00511e-01
 6.00462e-01
 5.99981e-01
 5.99402e-01
 5.99150e-01
 5.99057e-01
 5.98333e-01
 5.97628e-01
 5.97331e-01
 5.97121e-01
 5.96383e-01
 5.95267e-01
 5.94031e-01
 5.92099e-01
 5.92077e-01
 5.94941e-01
 5.93921e-01
 5.96670e-01
 5.95952e-01
 5.97380e-01
 5.97040e-01
 5.98987e-01
 5.98103e-01
 5.99100e-01
 5.98872e-01
 6.00172e-01
 5.99634e-01
 6.00214e-01
 6.00267e-01
 6.00892e-01
 6.00374e-01
 5.98602e-01
 6.02063e-01
 5.98044e-01
 5.97615e-01
 6.00576e-01
 5.98454e-01
 5.99647e-01
 6.03255e-01
 5.99768e-01
 5.99533e-01
 6.01243e-01
 5.99945e-01
 6.00783e-01
 6.03200e-01
 6.01062e-01
 6.01036e-01
 6.02740e-01
 6.01514e-01
 6.02218e-01
 6.04956e-01
 6.02316e-01
 6.02096e-01
 6.03683e-01
 6.02289e-01
 6.02705e-01
 6.05241e-01
 6.00263e-01
 6.00621e-01
 6.00388e-01
 6.00196e-01
 5.99158e-01
 5.99764e-01
 5.99023e-01
 5.98923e-01
 5.97184e-01
 5.98051e-01
 5.96933e-01
 5.96771e-01
 5.94872e-01
 5.95975e-01
 5.92028e-01
 5.93704e-01
 6.02563e-01
 6.02206e-01
 6.03742e-01
 6.02175e-01
 6.02367e-01
 6.05038e-01
 6.01622e-01
 6.01072e-01
 6.02811e-01
 6.01077e-01
 6.00812e-01
 6.03109e-01
 6.00171e-01
 5.99274e-01
 6.01120e-01
 5.99612e-01
 5.99545e-01
 6.03010e-01
 5.98391e-01
 5.97355e-01
 6.00188e-01
 5.97251e-01
 5.99275e-01
 6.03741e-01
 5.96798e-01
 5.96456e-01
 5.96736e-01
 5.97504e-01
 5.98415e-01
 5.98817e-01
 5.98669e-01
 5.99036e-01
 5.99716e-01
 6.00277e-01
 6.00268e-01
 6.00526e-01
 6.01110e-01
 6.01487e-01
 6.01301e-01
 6.01335e-01
 6.01682e-01
 6.01742e-01
 6.01323e-01
 6.01125e-01
 6.01208e-01
 6.00944e-01
 6.00214e-01
 5.99829e-01
 5.99718e-01
 5.99213e-01
 5.98324e-01
 5.98646e-01
 5.98434e-01
 5.97532e-01
 5.96750e-01
 5.96326e-01
 5.95903e-01
 5.95758e-01
 5.96089e-01
 5.96350e-01
 5.97127e-01
 5.98037e-01
 5.98481e-01
 5.98340e-01
 5.98759e-01
 5.99562e-01
 5.99840e-01
 5.99963e-01
 6.00266e-01
 6.00863e-01
 6.01202e-01
 6.00990e-01
 6.01070e-01
 6.01590e-01
 6.01465e-01
 6.01035e-01
 6.00842e-01
 6.01054e-01
 6.00376e-01
 6.00020e-01
 5.99861e-01
 5.99634e-01
 5.98871e-01
 5.97914e-01
 5.98060e-01
 5.98170e-01
 5.97102e-01
 5.96250e-01
 5.95811e-01
 5.95410e-01
 6.05569e-01
 6.04755e-01
 6.05134e-01
 6.04523e-01
END TIME STEP
