displacement
part
         1
quad4
 0.00000e+00
 0.00000e+00
 0.00000e+00
 0.00000e+00
 0.00000e+00
 0.00000e+00
 0.00000e+00
 0.00000e+00
 0.00000e+00
 0.00000e+00
 0.00000e+00
 0.00000e+00
 0.00000e+00
 0.00000e+00
 0.00000e+00
 0.00000e+00
 0.00000e+00
 0.00000e+00
 0.00000e+00
 0.00000e+00
 0.00000e+00
 0.00000e+00
 0.00000e+00
 0.00000e+00
 0.00000e+00
 0.00000e+00
 0.00000e+00
 0.00000e+00
 0.00000e+00
 0.00000e+00
 0.00000e+00
 0.00000e+00
 0.00000e+00
 0.00000e+00
 0.00000e+00
 0.00000e+00
 0.00000e+00
 0.00000e+00
 0.00000e+00
 0.00000e+00
 0.00000e+00
 0.00000e+00
 0.00000e+00
 0.00000e+00
 0.00000e+00
 0.00000e+00
 0.00000e+00
 0.00000e+00
 0.00000e+00
 0.00000e+00
 0.00000e+00
 0.00000e+00
 0.00000e+00
 0.00000e+00
 0.00000e+00
 0.00000e+00
 0.00000e+00
 0.00000e+00
 0.00000e+00
 0.00000e+00
 0.00000e+00
 0.00000e+00
 0.00000e+00
 0.00000e+00
 0.00000e+00
 0.00000e+00
 0.00000e+00
 0.00000e+00
 0.00000e+00
 0.00000e+00
 0.00000e+00
 0.00000e+00
 0.00000e+00
 0.00000e+00
 0.00000e+00
 0.00000e+00
 0.00000e+00
 0.00000e+00
 0.00000e+00
 0.00000e+00
 0.00000e+00
 0.00000e+00
 0.00000e+00
 0.00000e+00
 0.00000e+00
 0.00000e+00
 0.00000e+00
 0.00000e+00
 0.00000e+00
 0.00000e+00
 0.00000e+00
 0.00000e+00
 0.00000e+00
 0.00000e+00
 0.00000e+00
 0.00000e+00
 0.00000e+00
 0.00000e+00
 0.00000e+00
 0.00000e+00
 0.00000e+00
 0.00000e+00
 0.00000e+00
 0.00000e+00
 0.00000e+00
 0.00000e+00
 0.00000e+00
 0.00000e+00
 0.00000e+00
 0.00000e+00
 0.00000e+00
 0.00000e+00
 0.00000e+00
 0.00000e+00
 0.00000e+00
 0.00000e+00
 0.00000e+00
 0.00000e+00
 0.00000e+00
 0.00000e+00
 0.00000e+00
 0.00000e+00
 0.00000e+00
 0.00000e+00
 0.00000e+00
 0.00000e+00
 0.00000e+00
 0.00000e+00
 0.00000e+00
 0.00000e+00
 0.00000e+00
 0.00000e+00
 0.00000e+00
 0.00000e+00
 0.00000e+00
 0.00000e+00
 0.00000e+00
 0.00000e+00
 0.00000e+00
 0.00000e+00
 0.00000e+00
 0.00000e+00
 0.00000e+00
 0.00000e+00
 0.00000e+00
 0.00000e+00
 0.00000e+00
 0.00000e+00
 0.00000e+00
 0.00000e+00
 0.00000e+00
 0.00000e+00
 0.00000e+00
 0.00000e+00
 0.00000e+00
 0.00000e+00
 0.00000e+00
 0.00000e+00
 0.00000e+00
 0.00000e+00
 0.00000e+00
 0.00000e+00
 0.00000e+00
 0.00000e+00
 0.00000e+00
 0.00000e+00
 0.00000e+00
 0.00000e+00
 0.00000e+00
 0.00000e+00
 0.00000e+00
 0.00000e+00
 0.00000e+00
 0.00000e+00
 0.00000e+00
 0.00000e+00
 0.00000e+00
 0.00000e+00
 0.00000e+00
 0.00000e+00
 0.00000e+00
 0.00000e+00
 0.00000e+00
 0.00000e+00
 0.00000e+00
 0.00000e+00
 0.00000e+00
 0.00000e+00
 0.00000e+00
 0.00000e+00
 0.00000e+00
 0.00000e+00
 0.00000e+00
 0.00000e+00
 0.00000e+00
 0.00000e+00
 0.00000e+00
 0.00000e+00
 0.00000e+00
 0.00000e+00
 0.00000e+00
 0.00000e+00
 0.00000e+00
 0.00000e+00
 0.00000e+00
 0.00000e+00
 0.00000e+00
 0.00000e+00
 0.00000e+00
 0.00000e+00
 0.00000e+00
 0.00000e+00
 0.00000e+00
 0.00000e+00
 0.00000e+00
 0.00000e+00
 0.00000e+00
 0.00000e+00
 0.00000e+00
 0.00000e+00
 0.00000e+00
 0.00000e+00
 0.00000e+00
 0.00000e+00
 0.00000e+00
 0.00000e+00
 0.00000e+00
 0.00000e+00
 0.00000e+00
 0.00000e+00
 0.00000e+00
 0.00000e+00
 0.00000e+00
 0.00000e+00
 0.00000e+00
 0.00000e+00
 0.00000e+00
 0.00000e+00
 0.00000e+00
 0.00000e+00
 0.00000e+00
 0.00000e+00
 0.00000e+00
 0.00000e+00
 0.00000e+00
 0.00000e+00
 0.00000e+00
 0.00000e+00
 0.00000e+00
 0.00000e+00
 0.00000e+00
 0.00000e+00
 0.00000e+00
 0.00000e+00
 0.00000e+00
 0.00000e+00
 0.00000e+00
 0.00000e+00
-4.00000e-01
-4.00000e-01
-4.00000e-01
-4.00000e-01
-4.00000e-01
-4.00000e-01
-4.00000e-01
-4.00000e-01
-4.00000e-01
-4.00000e-01
-4.00000e-01
-4.00000e-01
-4.00000e-01
-4.00000e-01
-4.00000e-01
-4.00000e-01
-4.00000e-01
-4.00000e-01
-4.00000e-01
-4.00000e-01
-4.00000e-01
-4.00000e-01
-4.00000e-01
-4.00000e-01
-4.00000e-01
-4.00000e-01
-4.00000e-01
-4.00000e-01
-4.00000e-01
-4.00000e-01
-4.00000e-01
-4.00000e-01
-4.00000e-01
-4.00000e-01
-4.00000e-01
-4.00000e-01
-4.00000e-01
-4.00000e-01
-4.00000e-01
-4.00000e-01
-4.00000e-01
-4.00000e-01
-4.00000e-01
-4.00000e-01
-4.00000e-01
-4.00000e-01
-4.00000e-01
-4.00000e-01
-4.00000e-01
-4.00000e-01
-4.00000e-01
-4.00000e-01
-4.00000e-01
-4.00000e-01
-4.00000e-01
-4.00000e-01
-4.00000e-01
-4.00000e-01
-4.00000e-01
-4.00000e-01
-4.00000e-01
-4.00000e-01
-4.00000e-01
-4.00000e-01
-4.00000e-01
-4.00000e-01
-4.00000e-01
-4.00000e-01
-4.00000e-01
-4.00000e-01
-4.00000e-01
-4.00000e-01
-4.00000e-01
-4.00000e-01
-4.00000e-01
-4.00000e-01
-4.00000e-01
-4.00000e-01
-4.00000e-01
-4.00000e-01
-4.00000e-01
-4.00000e-01
-4.00000e-01
-4.00000e-01
-4.00000e-01
-4.00000e-01
-4.00000e-01
-4.00000e-01
-4.00000e-01
-4.00000e-01
-4.00000e-01
-4.00000e-01
-4.00000e-01
-4.00000e-01
-4.00000e-01
-4.00000e-01
-4.00000e-01
-4.00000e-01
-4.00000e-01
-4.00000e-01
-4.00000e-01
-4.00000e-01
-4.00000e-01
-4.00000e-01
-4.00000e-01
-4.00000e-01
-4.00000e-01
-4.00000e-01
-4.00000e-01
-4.00000e-01
-4.00000e-01
-4.00000e-01
-4.00000e-01
-4.00000e-01
 1.40000e+00
 1.40000e+00
 1.40000e+00
 1.40000e+00
 1.40000e+00
 1.40000e+00
 1.40000e+00
 1.40000e+00
 1.40000e+00
 1.40000e+00
 1.40000e+00
 1.40000e+00
 1.40000e+00
 1.40000e+00
 1.40000e+00
tria3
 1.10666e+00
 1.49057e+00
 1.86164e+00
 1.94004e+00
 1.70592e+00
 1.36626e+00
 1.07348e+00
 1.46335e+00
 1.34763e+00
 1.69604e+00
 1.90863e+00
 1.84317e+00
 1.09606e+00
 1.48312e+00
 1.36536e+00
 1.70502e+00
 1.91056e+00
 1.85502e+00
 1.09476e+00
 1.47884e+00
 1.85519e+00
 1.94280e+00
 1.69887e+00
 1.35476e+00
 8.18493e-02
 2.73236e-01
 8.68987e-01
 4.66188e-01
 8.16309e-01
 1.21400e+00
 1.02141e+00
 1.32867e+00
 1.91386e-01
 3.47962e-01
 6.64441e-01
 1.20610e+00
 9.39835e-01
 1.46216e+00
 1.72582e+00
 1.55583e+00
 4.10898e-01
 2.41341e-01
 1.38036e+00
 7.52412e-01
 1.12432e+00
 1.98371e+00
 1.66884e+00
 1.86639e+00
 5.65192e-01
 3.23851e-01
 7.41011e-01
 4.17160e-01
 9.96510e-01
 1.20879e+00
 1.31284e+00
 4.55941e-01
 8.27826e-01
 7.87932e-01
 2.84459e-01
 8.93590e-02
 1.72244e+00
 1.42476e+00
 1.54183e+00
 1.13059e+00
 5.90984e-01
 8.91447e-01
 1.20887e-01
 3.15986e-01
 1.64153e+00
 1.97846e+00
 1.84804e+00
 6.97729e-01
 1.34610e+00
 1.08769e+00
 2.30000e-01
 3.68413e-01
 3.15105e-01
 5.45105e-01
 7.27764e-01
 4.12659e-01
 7.41006e-01
 4.17160e-01
 3.23845e-01
 5.61141e-01
 2.37295e-01
 4.04382e-01
 7.42504e-01
 1.36661e+00
 1.11034e+00
 1.65653e+00
 1.98307e+00
 1.85872e+00
 1.29464e-01
 3.11521e-01
 1.15844e+00
 6.08851e-01
 9.00243e-01
 1.71899e+00
 1.43158e+00
 1.53879e+00
 1.82058e-01
 2.76028e-01
 4.64098e-01
 8.47194e-01
 7.90983e-01
 9.96834e-01
 1.19697e+00
 1.30604e+00
 7.32060e-01
 4.12659e-01
 5.58014e-01
 3.19401e-01
 1.98333e+00
 1.65988e+00
 1.86080e+00
 1.37073e+00
 7.45931e-01
 1.11452e+00
 4.06767e-01
 2.38613e-01
 1.42304e+00
 1.71717e+00
 1.53559e+00
 6.10990e-01
 1.15082e+00
 8.96735e-01
 1.80839e-01
 3.14568e-01
 1.19828e+00
 9.96235e-01
 1.30597e+00
 8.44530e-01
 4.47213e-01
 7.87631e-01
 7.90557e-02
 2.59895e-01
 3.00857e-02
 1.11935e-01
 3.48765e-01
 1.75189e-01
 3.38056e-01
 4.71969e-01
 3.95602e-01
 5.47108e-01
 6.98648e-01
 5.33585e-01
 7.61144e-01
 6.68518e-01
 7.04240e-01
 8.39974e-01
 2.40568e-01
 8.39923e-02
 4.18840e-01
 7.84875e-01
 6.51326e-01
 9.91483e-01
 1.30162e+00
 1.15901e+00
 1.44963e+00
 1.68185e+00
 1.56308e+00
 1.76391e+00
 1.83412e+00
 1.78945e+00
 8.25547e-02
 2.52111e-01
 7.89515e-01
 4.27393e-01
 6.86353e-01
 1.37004e+00
 1.00853e+00
 1.23319e+00
 1.79359e+00
 1.53213e+00
 1.68375e+00
 1.95415e+00
 1.88143e+00
 1.93300e+00
 6.89575e-01
 6.66886e-01
 8.33135e-01
 5.12117e-01
 6.64184e-01
 7.25435e-01
 3.59814e-01
 4.69047e-01
 5.13682e-01
 3.22837e-01
 2.96125e-01
 2.76994e-01
 1.51354e-01
 6.19953e-02
 1.83290e+00
 1.75630e+00
 1.78485e+00
 1.66841e+00
 1.41198e+00
 1.52925e+00
 1.27801e+00
 1.14217e+00
 1.02530e+00
 7.72146e-01
 5.73647e-01
 5.13445e-01
 1.17561e-01
 2.38448e-01
 1.87127e+00
 1.95242e+00
 1.92602e+00
 1.51207e+00
 1.78000e+00
 1.66439e+00
 9.81538e-01
 1.34817e+00
 1.20506e+00
 4.00909e-01
 7.62443e-01
 6.35962e-01
 1.38413e-01
 2.32676e-01
 2.50972e-01
 8.38853e-02
 4.27078e-01
 7.84894e-01
 6.81315e-01
 1.00159e+00
 1.36531e+00
 1.22449e+00
 1.52853e+00
 1.79042e+00
 1.67764e+00
 1.87807e+00
 1.95478e+00
 1.93100e+00
 8.16797e-02
 2.11143e-01
 8.28875e-01
 4.14217e-01
 6.29867e-01
 1.29531e+00
 1.16655e+00
 1.06606e+00
 1.67463e+00
 1.42660e+00
 1.53983e+00
 1.83278e+00
 1.76023e+00
 1.78623e+00
 1.34262e-01
 4.02920e-02
 1.88692e-01
 3.21557e-01
 3.36470e-01
 3.88722e-01
 4.75787e-01
 5.47934e-01
 5.21536e-01
 6.80321e-01
 7.43322e-01
 6.86289e-01
 6.54288e-01
 8.22806e-01
 1.95583e+00
 1.88096e+00
 1.93231e+00
 1.79286e+00
 1.53065e+00
 1.67976e+00
 1.36853e+00
 1.00701e+00
 1.22850e+00
 7.89308e-01
 4.29152e-01
 6.84129e-01
 8.41870e-02
 2.52341e-01
 1.75606e+00
 1.83231e+00
 1.78394e+00
 1.40941e+00
 1.66672e+00
 1.52846e+00
 1.05591e+00
 1.27528e+00
 1.15025e+00
 4.44967e-01
 8.25280e-01
 6.34441e-01
 1.33729e-01
 2.40678e-01
 6.54851e-01
 6.89436e-01
 8.24682e-01
 6.83946e-01
 5.20660e-01
 7.45145e-01
 4.60102e-01
 3.84830e-01
 5.32881e-01
 3.38854e-01
 1.70346e-01
 3.28223e-01
 2.94417e-02
 1.08497e-01
 3.00857e-02
 0.00000e+00
 6.32537e-02
 9.33393e-02
 1.55812e-01
 6.32537e-02
 1.10091e-01
 2.02650e-01
 2.27905e-01
 1.10091e-01
 2.89521e-01
 1.17814e-01
 3.53275e-01
 1.71707e-01
 1.77299e-01
 3.58867e-01
 3.51216e-01
 1.77299e-01
 2.62264e-01
 8.50240e-02
 1.58554e-01
 7.35297e-02
 4.37090e-01
 2.63296e-01
 7.55784e-01
 6.39453e-01
 3.32348e-01
 4.70691e-01
 3.70948e-01
 5.66549e-01
 6.46771e-01
 7.14677e-01
 1.04868e+00
 9.62392e-01
 1.31244e+00
 1.22977e+00
 8.56598e-01
 1.05780e+00
 9.79517e-01
 1.16505e+00
 1.35444e+00
 1.26785e+00
 1.53883e+00
 1.46045e+00
 1.70488e+00
 1.66593e+00
 1.42965e+00
 1.56951e+00
 1.50412e+00
 1.64260e+00
 1.76078e+00
 1.70432e+00
 1.83786e+00
 1.78695e+00
 1.87288e+00
 1.88301e+00
 1.80199e+00
 1.86832e+00
 1.83540e+00
 1.89600e+00
 1.92193e+00
 1.90822e+00
 5.93717e-02
 1.41926e-01
 4.56721e-01
 3.35361e-01
 3.17208e-01
 7.59815e-01
 6.76993e-01
 6.28732e-01
 1.10721e+00
 8.66039e-01
 9.96784e-01
 1.37981e+00
 1.20749e+00
 1.30272e+00
 1.61787e+00
 1.46299e+00
 1.54799e+00
 1.78750e+00
 1.68316e+00
 1.74213e+00
 1.90476e+00
 1.83254e+00
 1.87500e+00
 1.94372e+00
 1.92690e+00
 1.94108e+00
 1.75667e-01
 3.49584e-01
 3.49409e-01
 1.75667e-01
 1.50276e-01
 3.24018e-01
 2.77123e-01
 1.50276e-01
 1.07206e-01
 2.34053e-01
 1.88332e-01
 1.07206e-01
 4.35160e-02
 1.24642e-01
 4.35160e-02
 4.35160e-02
 0.00000e+00
 1.05511e-01
 1.88268e+00
 1.87166e+00
 1.78204e+00
 1.83686e+00
 1.92162e+00
 1.90079e+00
 1.90881e+00
 1.87782e+00
 1.80734e+00
 1.84002e+00
 1.65965e+00
 1.69415e+00
 1.44519e+00
 1.53220e+00
 1.76528e+00
 1.65895e+00
 1.70864e+00
 1.58932e+00
 1.43792e+00
 1.51156e+00
 1.23869e+00
 1.31121e+00
 9.98042e-01
 1.06135e+00
 1.36071e+00
 1.17952e+00
 1.27481e+00
 1.06763e+00
 8.56178e-01
 9.85588e-01
 6.38389e-01
 7.87264e-01
 2.98650e-01
 4.30535e-01
 7.07262e-01
 5.43465e-01
 6.29999e-01
 4.27144e-01
 3.21390e-01
 3.07121e-01
 8.22623e-02
 2.63351e-01
 5.76743e-02
 1.39937e-01
 1.92222e+00
 1.94289e+00
 1.93852e+00
 1.82421e+00
 1.89814e+00
 1.86733e+00
 1.66696e+00
 1.77738e+00
 1.72924e+00
 1.44551e+00
 1.59969e+00
 1.53037e+00
 1.18492e+00
 1.36124e+00
 1.28220e+00
 8.43658e-01
 1.08511e+00
 9.74856e-01
 6.06860e-01
 7.36302e-01
 6.53905e-01
 3.35561e-01
 4.42141e-01
 3.41472e-01
 1.67328e-01
 7.30647e-02
 1.55850e-01
 7.19650e-02
 3.31957e-01
 4.55341e-01
 3.49524e-01
 6.24554e-01
 7.52740e-01
 6.69551e-01
 8.60308e-01
 1.10267e+00
 9.92141e-01
 1.20388e+00
 1.38760e+00
 1.30162e+00
 1.47838e+00
 1.62560e+00
 1.55563e+00
 1.68331e+00
 1.78592e+00
 1.74074e+00
 1.83091e+00
 1.90344e+00
 1.87337e+00
 1.92501e+00
 1.94444e+00
 1.94042e+00
 3.48350e-02
 1.21129e-01
 8.62937e-02
 1.67973e-01
 4.53164e-01
 2.14322e-01
 3.69783e-01
 7.50416e-01
 5.81392e-01
 6.71105e-01
 3.71047e-01
 4.79663e-01
 6.94101e-01
 8.32277e-01
 1.06522e+00
 8.78026e-01
 1.00020e+00
 1.35302e+00
 1.16964e+00
 1.27266e+00
 1.02702e+00
 1.08011e+00
 1.24815e+00
 1.32382e+00
 1.56452e+00
 1.42648e+00
 1.50086e+00
 1.76061e+00
 1.64002e+00
 1.70250e+00
 1.45512e+00
 1.53419e+00
 1.66032e+00
 1.69907e+00
 1.86908e+00
 1.80208e+00
 1.83517e+00
 1.92408e+00
 1.89745e+00
 1.90984e+00
 1.78467e+00
 1.83712e+00
 1.88343e+00
 1.87294e+00
 0.00000e+00
 9.47220e-02
 5.44300e-02
 5.44300e-02
 5.44300e-02
 1.33487e-01
 2.00652e-01
 7.90570e-02
 1.21595e-01
 2.37518e-01
 2.83267e-01
 1.15923e-01
 1.67344e-01
 3.42612e-01
 3.48579e-01
 1.73311e-01
 1.73311e-01
 3.42503e-01
 1.94575e+00
 1.92830e+00
 1.94278e+00
 1.90815e+00
 1.83979e+00
 1.87873e+00
 1.79239e+00
 1.68447e+00
 1.74323e+00
 1.62666e+00
 1.47862e+00
 1.55669e+00
 1.38489e+00
 1.20357e+00
 1.30085e+00
 1.11319e+00
 8.80723e-01
 1.00460e+00
 7.66135e-01
 6.73813e-01
 6.28450e-01
 4.58014e-01
 3.51952e-01
 3.33242e-01
 7.22433e-02
 1.56430e-01
 1.90265e+00
 1.92332e+00
 1.91042e+00
 1.80626e+00
 1.87948e+00
 1.84089e+00
 1.87246e+00
 1.88429e+00
 1.83793e+00
 1.78227e+00
 1.63510e+00
 1.75861e+00
 1.69823e+00
 1.41657e+00
 1.55891e+00
 1.49132e+00
 1.69293e+00
 1.65358e+00
 1.52287e+00
 1.43863e+00
 1.17238e+00
 1.34733e+00
 1.26629e+00
 8.53825e-01
 1.05998e+00
 9.83906e-01
 1.30449e+00
 1.23294e+00
 1.06296e+00
 1.00948e+00
 5.46395e-01
 6.30434e-01
 7.14209e-01
 3.24382e-01
 4.33824e-01
 3.30326e-01
 8.23015e-01
 6.70531e-01
 4.68242e-01
 4.03107e-01
 1.52299e-01
 6.04297e-02
 1.98818e-01
 9.18690e-02
 3.43065e-01
 1.73874e-01
 1.73874e-01
 3.50413e-01
 3.44923e-01
 1.68384e-01
 2.82922e-01
 1.14538e-01
 2.22363e-01
 1.07825e-01
 1.07825e-01
 1.97512e-01
 1.51536e-01
 6.18490e-02
 6.18490e-02
 9.12907e-02
 0.00000e+00
 2.94417e-02
 1.45094e-01
 7.15647e-02
 1.72273e-01
 5.93717e-02
 3.34088e-01
 2.68718e-01
 4.99608e-01
 4.35796e-01
 1.60080e-01
 3.11172e-01
 5.07067e-01
 4.20339e-01
 5.84926e-01
 6.16973e-01
 7.50864e-01
 7.21587e-01
 5.91710e-01
 6.35195e-01
 7.65658e-01
 7.11313e-01
 9.28430e-01
 8.47097e-01
 1.08660e+00
 1.01622e+00
 8.71207e-01
 9.42480e-01
 1.05069e+00
 1.09900e+00
 1.23566e+00
 1.17474e+00
 1.35575e+00
 1.31934e+00
 1.19929e+00
 1.24275e+00
 1.32643e+00
 1.37122e+00
 1.48150e+00
 1.43096e+00
 1.59736e+00
 1.54558e+00
 1.45441e+00
 1.49656e+00
 1.57674e+00
 1.61145e+00
 1.69611e+00
 1.65509e+00
 1.76596e+00
 1.74691e+00
 1.67673e+00
 1.70337e+00
 1.75416e+00
 1.78104e+00
 1.83475e+00
 1.80717e+00
 1.88700e+00
 1.86250e+00
 1.82608e+00
 1.84583e+00
 1.88207e+00
 1.89753e+00
 1.91952e+00
 1.90567e+00
 1.92786e+00
 1.92917e+00
 1.91968e+00
 1.92507e+00
 1.93472e+00
 1.93922e+00
 1.92711e+00
 1.92755e+00
 1.90593e+00
 1.91316e+00
 1.93839e+00
 1.93213e+00
 1.91812e+00
 1.91237e+00
 1.86697e+00
 1.88223e+00
 1.81188e+00
 1.83377e+00
 1.88829e+00
 1.87087e+00
 1.83767e+00
 1.81961e+00
 1.74145e+00
 1.76982e+00
 1.64948e+00
 1.68722e+00
 1.77279e+00
 1.74059e+00
 1.67826e+00
 1.65283e+00
 1.54596e+00
 1.58751e+00
 1.43681e+00
 1.47520e+00
 1.58556e+00
 1.54747e+00
 1.47671e+00
 1.43943e+00
 1.30701e+00
 1.35960e+00
 1.15826e+00
 1.21283e+00
 1.35515e+00
 1.30147e+00
 1.20854e+00
 1.17101e+00
 1.07703e+00
 1.01972e+00
 8.38781e-01
 9.20277e-01
 1.07120e+00
 1.02751e+00
 9.26811e-01
 8.51483e-01
 7.01638e-01
 7.35534e-01
 5.58374e-01
 5.92347e-01
 7.44915e-01
 6.87474e-01
 6.10224e-01
 5.67891e-01
 4.71813e-01
 3.89465e-01
 1.54206e-01
 2.91502e-01
 4.82118e-01
 4.03412e-01
 2.95144e-01
 1.65640e-01
 1.61997e-01
 5.76743e-02
 1.73239e-01
 6.54653e-02
 1.73417e-01
 6.38930e-02
 1.57086e-01
 3.48350e-02
 2.96285e-01
 1.65345e-01
 4.92269e-01
 4.10175e-01
 1.28028e-01
 2.88026e-01
 4.84162e-01
 3.93809e-01
 6.27020e-01
 5.82433e-01
 7.61670e-01
 7.04446e-01
 5.75592e-01
 6.13466e-01
 7.22119e-01
 7.59138e-01
 9.41819e-01
 8.67972e-01
 1.09525e+00
 1.04888e+00
 8.55623e-01
 9.31053e-01
 1.08596e+00
 1.01848e+00
 1.23983e+00
 1.19646e+00
 1.37048e+00
 1.31627e+00
 1.17347e+00
 1.23228e+00
 1.30872e+00
 1.34608e+00
 1.44858e+00
 1.50741e+00
 1.61961e+00
 1.57867e+00
 1.41954e+00
 1.46559e+00
 1.59045e+00
 1.53620e+00
 1.70331e+00
 1.67731e+00
 1.78036e+00
 1.75406e+00
 1.65376e+00
 1.69624e+00
 1.74699e+00
 1.76649e+00
 1.84585e+00
 1.82535e+00
 1.89730e+00
 1.88260e+00
 1.80796e+00
 1.83525e+00
 1.88807e+00
 1.86329e+00
 1.92712e+00
 1.91887e+00
 1.93883e+00
 1.93728e+00
 1.90749e+00
 1.92333e+00
 1.93226e+00
 1.92933e+00
 1.93399e+00
 1.94039e+00
 1.91798e+00
 1.92193e+00
 1.92858e+00
 1.92813e+00
 1.90915e+00
 1.91511e+00
 1.87747e+00
 1.89783e+00
 1.81896e+00
 1.84885e+00
 1.88506e+00
 1.86860e+00
 1.83037e+00
 1.80759e+00
 1.74794e+00
 1.78065e+00
 1.67735e+00
 1.70126e+00
 1.75994e+00
 1.73880e+00
 1.69212e+00
 1.65077e+00
 1.57784e+00
 1.61953e+00
 1.44542e+00
 1.50689e+00
 1.58870e+00
 1.53254e+00
 1.46021e+00
 1.41183e+00
 1.29824e+00
 1.36509e+00
 1.18522e+00
 1.21500e+00
 1.34259e+00
 1.29521e+00
 1.15809e+00
 1.20604e+00
 1.03514e+00
 1.09485e+00
 8.56363e-01
 9.29608e-01
 1.06861e+00
 1.00414e+00
 8.97436e-01
 8.23185e-01
 7.52328e-01
 7.10984e-01
 5.82437e-01
 6.22313e-01
 7.21868e-01
 6.92083e-01
 5.64067e-01
 5.92493e-01
 4.91916e-01
 4.12856e-01
 1.75140e-01
 3.01229e-01
 4.77538e-01
 3.93394e-01
 2.96145e-01
 1.64492e-01
 6.66790e-02
 1.69576e-01
 6.04297e-02
 1.58242e-01
 1.06033e-03
 5.20800e-03
-1.91867e-03
 2.79667e-03
 2.59167e-03
 6.90733e-03
 1.45367e-03
 5.44833e-03
 6.46000e-03
 2.23600e-03
 5.60767e-03
-1.58667e-03
-1.68567e-03
-6.01300e-03
-7.46667e-03
-3.38667e-03
-6.93333e-03
 9.03334e-04
-2.60433e-03
-7.04767e-03
 2.52333e-04
-4.09700e-03
-4.32667e-03
-8.79033e-03
-1.15318e-01
-1.21645e-01
-1.15443e-01
-1.17103e-01
-1.22183e-01
-1.15777e-01
-1.15257e-01
-1.20860e-01
-1.29533e-01
-1.33420e-01
-1.30711e-01
-1.26928e-01
-1.29258e-01
-1.25895e-01
-1.25030e-01
-1.27088e-01
-1.31700e-02
-2.66200e-03
-2.38857e-02
-1.81003e-02
-1.20787e-02
-2.88123e-02
-2.62410e-02
-1.61423e-02
 5.54667e-03
 1.46253e-02
 1.18383e-02
 7.47600e-03
-1.15859e-01
-1.15931e-01
-1.21103e-01
-1.18464e-01
-1.15693e-01
-1.22809e-01
-1.25410e-01
-1.20196e-01
-1.24794e-01
-1.25638e-01
-1.26941e-01
-1.28165e-01
-1.33669e-01
-1.31340e-01
-1.32882e-01
-1.32085e-01
-2.60220e-02
-2.87967e-02
-1.59423e-02
-1.84110e-02
-2.38350e-02
-1.17463e-02
-1.20600e-03
-1.20573e-02
 1.38730e-02
 5.64033e-03
 1.06980e-02
 6.21067e-03
-1.23333e-02
-8.30000e-03
-1.50897e-02
-5.89567e-03
 2.48033e-03
 1.29300e-02
 1.78103e-02
 2.33330e-02
 1.15707e-02
 2.55267e-02
 2.78397e-02
 1.52067e-02
 1.34363e-01
 1.32463e-01
 1.28289e-01
 1.30587e-01
 1.28946e-01
 1.25644e-01
 1.26576e-01
 1.27607e-01
 1.24092e-01
 1.16100e-01
 1.14800e-01
 1.14830e-01
 1.20173e-01
 1.15473e-01
 1.15677e-01
 1.21190e-01
-1.33103e-02
-9.11000e-03
-6.97033e-03
-1.59337e-02
 2.77123e-02
 2.49787e-02
 1.48650e-02
 2.26130e-02
 1.68270e-02
 1.07363e-02
 1.18767e-02
 1.42000e-03
 1.25734e-01
 1.25414e-01
 1.27201e-01
 1.30374e-01
 1.27260e-01
 1.29307e-01
 1.27879e-01
 1.32267e-01
 1.15629e-01
 1.14996e-01
 1.20967e-01
 1.14870e-01
 1.15653e-01
 1.21421e-01
 1.13089e-01
 1.19716e-01
-8.77297e-02
-1.04488e-01
-8.77720e-02
-9.00850e-02
-9.63737e-02
-8.22060e-02
-8.70520e-02
-9.48480e-02
-8.87390e-02
-8.44793e-02
-9.69350e-02
-8.79257e-02
-8.61257e-02
-9.51247e-02
-1.32092e-01
-1.27797e-01
-1.25644e-01
-1.20443e-01
-1.26217e-01
-1.18461e-01
-1.15579e-01
-1.21306e-01
-1.15031e-01
-1.15338e-01
-1.19725e-01
-1.15076e-01
-1.13705e-01
-1.18881e-01
-2.78623e-02
-2.32233e-02
-4.23733e-02
-3.38407e-02
-3.15080e-02
-5.12543e-02
-4.58933e-02
-4.03933e-02
-5.03040e-02
-5.19403e-02
-4.34347e-02
-5.43927e-02
-5.07280e-02
-4.51417e-02
-8.59997e-02
-8.78290e-02
-9.51820e-02
-8.70417e-02
-8.57930e-02
-9.45313e-02
-8.60737e-02
-8.74950e-02
-9.48187e-02
-1.06397e-01
-8.60070e-02
-8.98007e-02
-1.09946e-01
-9.70230e-02
-1.13616e-01
-1.14569e-01
-1.18556e-01
-1.14729e-01
-1.14228e-01
-1.19188e-01
-1.13808e-01
-1.16239e-01
-1.24376e-01
-1.21795e-01
-1.25666e-01
-1.32252e-01
-1.27955e-01
-1.33282e-01
-5.07033e-02
-5.44050e-02
-4.51383e-02
-5.18977e-02
-5.02203e-02
-4.33533e-02
-4.65670e-02
-5.13740e-02
-4.06427e-02
-3.65627e-02
-4.34340e-02
-3.26220e-02
-2.23487e-02
-3.26430e-02
 2.31123e-02
 2.81420e-02
 3.36130e-02
 4.22400e-02
 3.12130e-02
 4.58797e-02
 5.10067e-02
 4.01390e-02
 5.15043e-02
 4.96707e-02
 4.28303e-02
 5.00193e-02
 5.35090e-02
 4.42860e-02
 1.23430e-01
 1.29250e-01
 1.22576e-01
 1.24503e-01
 1.27740e-01
 1.14729e-01
 1.17268e-01
 1.24766e-01
 1.15677e-01
 1.15096e-01
 1.20190e-01
 1.14386e-01
 1.15536e-01
 1.19550e-01
 1.04779e-01
 9.45317e-02
 9.27797e-02
 8.31733e-02
 9.68770e-02
 8.31873e-02
 8.35470e-02
 9.61140e-02
 8.35837e-02
 8.80943e-02
 9.67940e-02
 8.53110e-02
 8.68873e-02
 9.46467e-02
 5.34533e-02
 4.97297e-02
 4.41030e-02
 4.92630e-02
 5.08563e-02
 4.23230e-02
 5.01627e-02
 4.48203e-02
 3.92637e-02
 4.10500e-02
 3.21800e-02
 3.00500e-02
 2.65137e-02
 2.18103e-02
 1.14994e-01
 1.14286e-01
 1.19220e-01
 1.13864e-01
 1.14957e-01
 1.19247e-01
 1.23290e-01
 1.13124e-01
 1.15560e-01
 1.22867e-01
 1.21040e-01
 1.26077e-01
 1.30916e-01
 1.25813e-01
 8.70537e-02
 8.55620e-02
 9.47657e-02
 8.80683e-02
 8.35037e-02
 9.63817e-02
 8.11237e-02
 8.58003e-02
 9.38760e-02
 8.65273e-02
 8.87563e-02
 9.50633e-02
 8.59437e-02
 1.02719e-01
-5.04333e-02
-2.09300e-02
-2.28933e-02
-5.23967e-02
-5.19800e-02
-2.28933e-02
-2.21733e-02
-5.12600e-02
-4.53233e-02
-2.21733e-02
-4.75967e-02
-2.31500e-02
-5.31333e-02
-2.44467e-02
-2.18333e-02
-5.05200e-02
-5.02400e-02
-2.18333e-02
-1.21349e-01
-1.07790e-01
-9.77293e-02
-9.07400e-02
-1.04978e-01
-1.13572e-01
-1.11466e-01
-1.04350e-01
-9.57147e-02
-8.57013e-02
-8.88633e-02
-8.57367e-02
-8.86280e-02
-9.48167e-02
-1.02738e-01
-1.09484e-01
-1.06958e-01
-1.01519e-01
-9.27720e-02
-8.90457e-02
-9.48783e-02
-8.81163e-02
-8.99150e-02
-9.27300e-02
-1.00617e-01
-1.06410e-01
-1.05888e-01
-1.00330e-01
-9.04537e-02
-8.82887e-02
-9.29147e-02
-8.77327e-02
-8.95883e-02
-9.20717e-02
-1.00005e-01
-1.05625e-01
-1.05382e-01
-1.00008e-01
-9.01360e-02
-8.82780e-02
-9.25563e-02
-8.77870e-02
-8.97073e-02
-9.20690e-02
-4.64907e-02
-4.08583e-02
-5.65747e-02
-5.27833e-02
-4.31853e-02
-6.37517e-02
-6.17590e-02
-5.42303e-02
-6.32650e-02
-6.42230e-02
-5.95803e-02
-6.56967e-02
-6.34003e-02
-6.09903e-02
-6.47970e-02
-6.59927e-02
-6.19723e-02
-6.62580e-02
-6.47907e-02
-6.20607e-02
-6.57007e-02
-6.64810e-02
-6.27077e-02
-6.75177e-02
-6.57710e-02
-6.34287e-02
-2.17367e-02
-5.01433e-02
-5.02400e-02
-2.17367e-02
-2.15300e-02
-5.00333e-02
-4.98000e-02
-2.15300e-02
-2.19833e-02
-5.02533e-02
-5.04800e-02
-2.19833e-02
-2.19167e-02
-5.04133e-02
-4.75067e-02
-2.19167e-02
-2.55900e-02
-7.97970e-02
-9.98653e-02
-1.05293e-01
-1.05224e-01
-9.97303e-02
-9.02320e-02
-8.82350e-02
-9.25393e-02
-8.75970e-02
-8.93210e-02
-9.17663e-02
-9.98523e-02
-1.05384e-01
-1.05336e-01
-9.98900e-02
-8.98183e-02
-8.79317e-02
-9.22253e-02
-8.73373e-02
-8.92377e-02
-9.16687e-02
-9.97047e-02
-1.04916e-01
-1.08964e-01
-1.01322e-01
-8.98053e-02
-8.78070e-02
-9.24713e-02
-8.82573e-02
-9.28977e-02
-9.45390e-02
-1.03959e-01
-1.11578e-01
-1.21402e-01
-1.04607e-01
-9.51423e-02
-8.63260e-02
-8.92020e-02
-8.57183e-02
-8.92527e-02
-9.64490e-02
-1.08343e-01
-1.13018e-01
-9.48203e-02
-9.89263e-02
-6.58613e-02
-6.76083e-02
-6.35317e-02
-6.62910e-02
-6.55697e-02
-6.25680e-02
-6.47330e-02
-6.62423e-02
-6.20363e-02
-6.58980e-02
-6.45667e-02
-6.18197e-02
-6.34210e-02
-6.57720e-02
-6.11700e-02
-6.50173e-02
-6.32353e-02
-6.00920e-02
-5.53963e-02
-6.50297e-02
-6.28967e-02
-4.48060e-02
-5.68400e-02
-5.21480e-02
-4.08863e-02
-4.72787e-02
 4.05893e-02
 4.90530e-02
 4.24863e-02
 5.57507e-02
 5.14703e-02
 5.40873e-02
 6.39527e-02
 6.17967e-02
 6.44130e-02
 6.32757e-02
 5.96697e-02
 6.35227e-02
 6.63710e-02
 6.10637e-02
 6.59403e-02
 6.37400e-02
 6.11307e-02
 6.41140e-02
 6.57030e-02
 6.14573e-02
 6.59097e-02
 6.48860e-02
 6.20127e-02
 6.44623e-02
 6.67687e-02
 6.21853e-02
 9.45433e-02
 9.87773e-02
 1.07305e-01
 1.14047e-01
 8.71507e-02
 9.35003e-02
 9.49543e-02
 9.56203e-02
 8.64343e-02
 8.92773e-02
 1.14574e-01
 1.05814e-01
 1.05217e-01
 1.12946e-01
 8.91063e-02
 9.32030e-02
 9.50863e-02
 8.98053e-02
 8.81330e-02
 9.25160e-02
 1.09846e-01
 1.02003e-01
 1.00406e-01
 1.05710e-01
 8.79993e-02
 9.02617e-02
 9.26353e-02
 8.93003e-02
 8.73503e-02
 9.18567e-02
 1.06077e-01
 1.00436e-01
 1.00306e-01
 1.06033e-01
 8.81067e-02
 8.99203e-02
 9.24837e-02
 8.95600e-02
 8.75597e-02
 9.19837e-02
 1.05893e-01
 1.00173e-01
 1.00220e-01
 1.05783e-01
 2.73830e-02
 8.25320e-02
 5.16560e-02
 2.42730e-02
 2.42730e-02
 4.82000e-02
 4.82140e-02
 2.39270e-02
 2.42870e-02
 4.66933e-02
 4.67300e-02
 2.24063e-02
 2.43237e-02
 5.24777e-02
 4.96943e-02
 2.15403e-02
 2.15403e-02
 4.93977e-02
 6.74327e-02
 6.50140e-02
 6.27937e-02
 6.41067e-02
 6.54427e-02
 6.11833e-02
 6.58763e-02
 6.37203e-02
 6.11503e-02
 6.31003e-02
 6.50760e-02
 6.04163e-02
 6.53997e-02
 6.21237e-02
 6.00463e-02
 6.11000e-02
 6.29830e-02
 5.77533e-02
 6.34467e-02
 6.06367e-02
 5.26593e-02
 5.39100e-02
 4.94200e-02
 4.06697e-02
 4.67327e-02
 3.85833e-02
 8.81163e-02
 9.02100e-02
 9.25700e-02
 8.87400e-02
 8.72867e-02
 9.14467e-02
 1.05683e-01
 1.00056e-01
 9.97627e-02
 1.05334e-01
 8.65637e-02
 8.87163e-02
 9.11637e-02
 8.92467e-02
 8.69533e-02
 9.15140e-02
 1.05297e-01
 9.94670e-02
 9.94277e-02
 1.04864e-01
 8.65503e-02
 8.93143e-02
 9.16043e-02
 9.16060e-02
 8.66860e-02
 9.31793e-02
 1.04124e-01
 9.87103e-02
 1.00150e-01
 1.08000e-01
 8.53447e-02
 8.84707e-02
 9.43267e-02
 9.75200e-02
 8.43610e-02
 8.82700e-02
 1.11253e-01
 1.03747e-01
 1.06157e-01
 1.14927e-01
 1.01020e-01
 9.53267e-02
 1.17873e-01
 1.12604e-01
 4.95640e-02
 2.17067e-02
 2.17067e-02
 4.99927e-02
 5.24990e-02
 2.42130e-02
 4.69043e-02
 2.26913e-02
 4.45243e-02
 2.18330e-02
 2.18330e-02
 5.03567e-02
 5.10837e-02
 2.25600e-02
 2.25600e-02
 5.16967e-02
 2.02840e-02
 4.94207e-02
-8.29710e-02
-7.45757e-02
-6.80117e-02
-5.55677e-02
-7.75380e-02
-8.31090e-02
-7.48297e-02
-7.86643e-02
-5.95333e-02
-7.08360e-02
-6.90163e-02
-6.61490e-02
-7.54317e-02
-7.93017e-02
-8.35043e-02
-7.88060e-02
-6.69707e-02
-7.09770e-02
-7.39877e-02
-7.00287e-02
-8.17943e-02
-8.50900e-02
-7.95383e-02
-8.36437e-02
-7.18113e-02
-7.52277e-02
-7.42013e-02
-7.02063e-02
-7.91083e-02
-8.15967e-02
-8.31457e-02
-7.98283e-02
-7.03417e-02
-7.36063e-02
-7.43263e-02
-7.17040e-02
-8.10917e-02
-8.36843e-02
-7.97140e-02
-8.32350e-02
-7.20000e-02
-7.53470e-02
-7.48207e-02
-7.12460e-02
-7.94350e-02
-8.17607e-02
-8.32183e-02
-8.00737e-02
-7.12397e-02
-7.42400e-02
-7.48787e-02
-7.22830e-02
-8.13050e-02
-8.37660e-02
-8.00497e-02
-8.33967e-02
-7.25060e-02
-7.57853e-02
-7.53123e-02
-7.18913e-02
-7.98233e-02
-8.20437e-02
-8.34810e-02
-8.04437e-02
-7.19617e-02
-7.48650e-02
-7.54853e-02
-7.30393e-02
-8.15457e-02
-8.40057e-02
-8.00467e-02
-8.34677e-02
-7.31300e-02
-7.61533e-02
-7.54927e-02
-7.19993e-02
-7.95313e-02
-8.18677e-02
-8.30173e-02
-7.99797e-02
-7.17077e-02
-7.44853e-02
-7.49337e-02
-7.22723e-02
-8.09877e-02
-8.35147e-02
-7.95033e-02
-8.29977e-02
-7.22237e-02
-7.53957e-02
-7.47333e-02
-7.11400e-02
-7.90670e-02
-8.14323e-02
-8.27643e-02
-7.95973e-02
-7.09737e-02
-7.39030e-02
-7.44333e-02
-7.17977e-02
-8.05270e-02
-8.33320e-02
-7.81303e-02
-8.23360e-02
-7.16717e-02
-7.46693e-02
-7.34010e-02
-6.96137e-02
-7.82670e-02
-8.29230e-02
-8.53787e-02
-8.16857e-02
-6.94280e-02
-7.33520e-02
-7.51920e-02
-7.23810e-02
-7.96480e-02
-8.41413e-02
-7.63200e-02
-8.01687e-02
-7.49620e-02
-7.12967e-02
-7.21340e-02
-6.79903e-02
-7.50533e-02
-7.82943e-02
-8.42590e-02
-7.53260e-02
-6.92923e-02
-6.56423e-02
-6.84350e-02
-6.39287e-02
-7.77563e-02
-8.73493e-02
-5.64440e-02
-6.99157e-02
 5.67137e-02
 7.09143e-02
 7.95743e-02
 8.75970e-02
 6.87540e-02
 6.44440e-02
 6.88007e-02
 6.53040e-02
 8.56070e-02
 7.68937e-02
 7.48973e-02
 7.95403e-02
 7.11160e-02
 6.69567e-02
 7.42393e-02
 7.02387e-02
 7.57303e-02
 7.96570e-02
 7.90433e-02
 8.38237e-02
 7.54193e-02
 7.20227e-02
 7.02823e-02
 7.43557e-02
 8.53830e-02
 8.19960e-02
 7.97360e-02
 8.38360e-02
 7.39627e-02
 7.05293e-02
 7.28800e-02
 7.50727e-02
 8.17293e-02
 7.93190e-02
 8.04290e-02
 8.36287e-02
 7.56203e-02
 7.18500e-02
 7.00957e-02
 7.33960e-02
 8.40850e-02
 8.09027e-02
 7.87070e-02
 8.24433e-02
 7.35397e-02
 7.04697e-02
 7.17700e-02
 7.43137e-02
 8.11303e-02
 7.87600e-02
 7.95340e-02
 8.27640e-02
 7.52570e-02
 7.19767e-02
 7.10297e-02
 7.46197e-02
 8.33840e-02
 8.08907e-02
 7.94793e-02
 8.30500e-02
 7.31993e-02
 7.06060e-02
 7.53253e-02
 7.16390e-02
 8.14693e-02
 7.87097e-02
 7.99093e-02
 8.35390e-02
 7.62227e-02
 7.34657e-02
 7.11637e-02
 7.49733e-02
 8.41890e-02
 8.17190e-02
 7.95630e-02
 8.32863e-02
 7.26690e-02
 7.02563e-02
 7.42353e-02
 7.07787e-02
 8.12103e-02
 7.82430e-02
 7.90193e-02
 8.25397e-02
 7.43433e-02
 7.21393e-02
 7.00367e-02
 7.32670e-02
 8.25160e-02
 7.94600e-02
 7.83837e-02
 8.04467e-02
 7.25730e-02
 6.94167e-02
 7.47533e-02
 7.09163e-02
 7.78163e-02
 8.13760e-02
 7.99697e-02
 8.32797e-02
 7.44640e-02
 7.19707e-02
 6.81900e-02
 7.22500e-02
 8.33473e-02
 8.03343e-02
 7.66763e-02
 8.12473e-02
 7.06233e-02
 6.71663e-02
 7.47097e-02
 6.97867e-02
 7.60733e-02
 8.07800e-02
 8.02530e-02
 8.45857e-02
 7.45127e-02
 7.00533e-02
 6.57760e-02
 7.04030e-02
 8.36433e-02
 7.91137e-02
 7.46463e-02
 7.88977e-02
 6.69560e-02
 6.30673e-02
 5.42800e-02
 6.59513e-02
 7.29867e-02
 7.62543e-02
 7.31077e-02
 7.56073e-02
 6.78500e-02
 6.16540e-02
 8.62193e-02
 8.26630e-02
-1.62024e+00
-1.23712e+00
-6.48966e-01
 2.69803e-02
-7.71603e-01
-1.35395e+00
 1.64056e+00
 1.27014e+00
 1.37249e+00
 8.01258e-01
 2.11783e-02
 7.04708e-01
-1.63253e+00
-1.25120e+00
-1.35824e+00
-7.76006e-01
 1.25863e-02
-6.75809e-01
 1.63096e+00
 1.25646e+00
 6.78564e-01
 5.75165e-03
 7.97069e-01
 1.36813e+00
-1.18751e+00
-1.34512e+00
-8.69578e-01
-1.19471e+00
-1.15719e+00
-1.16689e-01
-6.68239e-01
-4.53414e-01
-1.55390e+00
-1.64540e+00
-1.58157e+00
-1.24339e+00
-1.34822e+00
-9.37099e-01
-2.01168e-01
-5.39484e-01
-1.93048e+00
-1.95388e+00
-1.43838e+00
-1.84312e+00
-1.62507e+00
-2.12288e-01
-1.09111e+00
-6.42508e-01
-1.86170e+00
-1.92573e+00
-1.80110e+00
-1.84296e+00
 6.89775e-01
 1.39193e-01
 4.79815e-01
 1.22255e+00
 8.91641e-01
 1.14977e+00
 1.40722e+00
 1.32311e+00
 2.34236e-01
 9.96248e-01
 5.73267e-01
 1.30686e+00
 1.56990e+00
 1.35196e+00
 1.66575e+00
 1.55237e+00
 1.13254e+00
 2.68584e-01
 6.99248e-01
 1.86651e+00
 1.47364e+00
 1.65138e+00
 1.94841e+00
 1.94021e+00
 1.92582e+00
 1.86389e+00
 1.80485e+00
 1.84331e+00
-1.80159e+00
-1.84357e+00
-1.92590e+00
-1.86387e+00
-1.95718e+00
-1.93601e+00
-1.85076e+00
-1.45689e+00
-1.64059e+00
-1.11402e+00
-2.40732e-01
-6.72452e-01
-1.71869e+00
-1.59854e+00
-1.26568e+00
-1.56855e+00
-1.32492e+00
-2.12337e-01
-9.68508e-01
-5.47633e-01
-1.44517e+00
-1.25188e+00
-1.13987e+00
-8.46461e-01
-1.12095e+00
-6.59317e-01
-1.20127e-01
-4.53687e-01
 1.80561e+00
 1.84425e+00
 1.86601e+00
 1.92899e+00
 2.38604e-01
 1.10741e+00
 6.68251e-01
 1.44997e+00
 1.84660e+00
 1.63437e+00
 1.93272e+00
 1.95554e+00
 9.91725e-01
 2.30314e-01
 5.68251e-01
 1.59382e+00
 1.28722e+00
 1.35083e+00
 1.52115e+00
 1.63856e+00
 1.30177e-01
 6.74898e-01
 4.69849e-01
 8.68118e-01
 1.17266e+00
 1.15015e+00
 1.15909e+00
 1.31905e+00
-7.39702e-01
-9.42193e-01
-7.04558e-01
-8.00562e-01
-8.95470e-01
-4.51497e-01
-6.49955e-01
-6.79131e-01
-2.90351e-01
-4.04797e-01
-4.31091e-01
-2.95317e-02
-2.26023e-01
-1.54255e-01
-1.75044e+00
-1.80757e+00
-1.77494e+00
-1.66945e+00
-1.68896e+00
-1.55943e+00
-1.30362e+00
-1.40417e+00
-1.13862e+00
-7.63354e-01
-9.32868e-01
-5.47235e-01
-1.06896e-01
-3.19859e-01
-1.98937e+00
-1.96710e+00
-1.82668e+00
-1.94423e+00
-1.86530e+00
-1.41268e+00
-1.71227e+00
-1.54610e+00
-8.20662e-01
-1.23168e+00
-1.01783e+00
-1.07299e-01
-5.90666e-01
-3.44336e-01
 2.35131e-01
 3.68167e-02
 1.67976e-01
 4.34063e-01
 2.99604e-01
 4.44725e-01
 6.53142e-01
 4.83978e-01
 6.96507e-01
 1.05153e+00
 6.76860e-01
 8.07324e-01
 1.10689e+00
 9.08488e-01
 1.27479e-01
 5.77075e-01
 3.49919e-01
 7.98133e-01
 1.19723e+00
 9.94683e-01
 1.34962e+00
 1.45605e+00
 1.49773e+00
 1.67635e+00
 1.74182e+00
 1.69647e+00
 1.81814e+00
 1.74713e+00
 6.23164e-01
 1.40242e-01
 3.84076e-01
 1.25661e+00
 8.52233e-01
 1.05155e+00
 1.72938e+00
 1.43470e+00
 1.57073e+00
 1.95695e+00
 1.83954e+00
 1.88828e+00
 1.98221e+00
 1.97719e+00
-1.97135e+00
-1.99284e+00
-1.94820e+00
-1.83275e+00
-1.87104e+00
-1.72009e+00
-1.42154e+00
-1.55728e+00
-1.24018e+00
-8.34949e-01
-1.03306e+00
-6.09937e-01
-1.31606e-01
-3.67247e-01
-1.84035e+00
-1.78809e+00
-1.63091e+00
-1.78409e+00
-1.68470e+00
-1.32791e+00
-1.42925e+00
-1.45551e+00
-7.81799e-01
-1.17643e+00
-9.72994e-01
-1.12489e-01
-5.61460e-01
-3.31915e-01
-1.06886e+00
-9.42875e-01
-8.45725e-01
-6.56870e-01
-8.62308e-01
-6.02557e-01
-4.45435e-01
-6.59273e-01
-3.95183e-01
-2.87296e-01
-4.21878e-01
-2.24607e-01
-3.14420e-02
-1.55429e-01
 1.14622e-01
 5.97103e-01
 3.58316e-01
 8.26658e-01
 1.23533e+00
 1.02780e+00
 1.41624e+00
 1.71385e+00
 1.55127e+00
 1.82761e+00
 1.94461e+00
 1.86698e+00
 1.98961e+00
 1.96809e+00
 5.75689e-01
 1.23732e-01
 3.46958e-01
 1.19981e+00
 7.99438e-01
 9.94316e-01
 1.47338e+00
 1.35196e+00
 1.44826e+00
 1.78319e+00
 1.63910e+00
 1.69593e+00
 1.76348e+00
 1.80600e+00
 3.39513e-02
 2.28350e-01
 1.60269e-01
 2.91671e-01
 4.00019e-01
 4.30509e-01
 4.44594e-01
 6.35765e-01
 6.68304e-01
 6.88394e-01
 7.81938e-01
 8.76191e-01
 7.18068e-01
 9.18451e-01
-3.99796e-01
-1.69146e-01
-1.98275e-01
-4.28924e-01
-3.79001e-01
-1.98275e-01
-1.43671e-01
-3.24397e-01
-2.41595e-01
-1.43671e-01
-1.94895e-01
-9.79237e-02
-1.66133e-01
-9.69713e-02
-3.26430e-02
-1.01805e-01
-3.21380e-02
-3.26430e-02
-1.83208e+00
-1.90244e+00
-1.92313e+00
-1.93955e+00
-1.86374e+00
-1.86515e+00
-1.72901e+00
-1.80424e+00
-1.90412e+00
-1.89094e+00
-1.90800e+00
-1.86319e+00
-1.82971e+00
-1.79407e+00
-1.59305e+00
-1.61899e+00
-1.35160e+00
-1.45758e+00
-1.73531e+00
-1.62046e+00
-1.66258e+00
-1.54588e+00
-1.37839e+00
-1.45253e+00
-1.11994e+00
-1.18659e+00
-7.91554e-01
-9.17766e-01
-1.29733e+00
-1.11914e+00
-1.19885e+00
-1.00869e+00
-7.80361e-01
-8.86222e-01
-4.76769e-01
-5.75435e-01
-1.11136e-01
-2.38325e-01
-6.75824e-01
-4.52825e-01
-5.56807e-01
-3.21521e-01
-6.53357e-02
-1.87059e-01
-1.98489e+00
-1.98268e+00
-1.93024e+00
-1.95791e+00
-1.96449e+00
-1.81650e+00
-1.85106e+00
-1.87968e+00
-1.62418e+00
-1.76597e+00
-1.69761e+00
-1.38543e+00
-1.54949e+00
-1.46771e+00
-1.09797e+00
-1.29500e+00
-1.19628e+00
-7.74816e-01
-9.93618e-01
-8.83802e-01
-4.17627e-01
-6.58808e-01
-5.37798e-01
-5.08913e-02
-2.95556e-01
-1.72966e-01
 3.37053e-02
 3.42103e-02
 1.03467e-01
 3.37053e-02
 9.81783e-02
 1.67940e-01
 2.19181e-01
 9.81783e-02
 1.48093e-01
 2.69096e-01
 3.19611e-01
 1.48093e-01
 1.71812e-01
 3.43329e-01
 3.89426e-01
 1.71812e-01
 2.17614e-01
 6.91407e-01
 2.40010e-01
 1.23238e-01
 5.92004e-01
 4.80100e-01
 4.74407e-02
 2.81829e-01
 1.69678e-01
 4.14745e-01
 6.62347e-01
 5.42684e-01
 9.28380e-01
 8.13062e-01
 1.21089e+00
 1.12989e+00
 7.66909e-01
 9.77197e-01
 8.74469e-01
 1.09125e+00
 1.28891e+00
 1.19004e+00
 1.45581e+00
 1.36328e+00
 1.60196e+00
 1.58806e+00
 1.37081e+00
 1.53423e+00
 1.44547e+00
 1.61468e+00
 1.73354e+00
 1.65817e+00
 1.80559e+00
 1.71443e+00
 1.83827e+00
 1.86774e+00
 1.79464e+00
 1.86956e+00
 1.83444e+00
 1.90182e+00
 1.91712e+00
 1.90722e+00
 1.90930e+00
 1.87467e+00
 1.93381e+00
 1.92312e+00
 3.24663e-01
 7.40997e-02
 1.99566e-01
 6.81881e-01
 4.46628e-01
 5.64187e-01
 1.02058e+00
 7.97650e-01
 9.09024e-01
 1.31445e+00
 1.12419e+00
 1.21887e+00
 1.56722e+00
 1.40322e+00
 1.48573e+00
 1.77532e+00
 1.63921e+00
 1.70944e+00
 1.88571e+00
 1.82483e+00
 1.85873e+00
 1.96432e+00
 1.93467e+00
 1.96031e+00
 1.98456e+00
 1.98934e+00
-1.98534e+00
-1.98807e+00
-1.96674e+00
-1.93507e+00
-1.96070e+00
-1.88488e+00
-1.82323e+00
-1.85769e+00
-1.77242e+00
-1.63131e+00
-1.70418e+00
-1.55624e+00
-1.38117e+00
-1.47244e+00
-1.28069e+00
-1.09235e+00
-1.19061e+00
-9.98951e-01
-7.85718e-01
-8.92971e-01
-6.71345e-01
-4.36706e-01
-5.53587e-01
-3.26762e-01
-9.22317e-02
-2.05118e-01
-1.94151e+00
-1.93057e+00
-1.91009e+00
-1.88083e+00
-1.89494e+00
-1.93331e+00
-1.90270e+00
-1.77864e+00
-1.86056e+00
-1.82320e+00
-1.84578e+00
-1.84994e+00
-1.77929e+00
-1.68335e+00
-1.61780e+00
-1.72405e+00
-1.65038e+00
-1.38213e+00
-1.54525e+00
-1.45137e+00
-1.57848e+00
-1.57516e+00
-1.44869e+00
-1.35066e+00
-1.13050e+00
-1.30392e+00
-1.20635e+00
-7.87213e-01
-1.01791e+00
-8.94850e-01
-1.19919e+00
-1.13041e+00
-9.31495e-01
-8.06035e-01
-4.59473e-01
-6.82666e-01
-5.64753e-01
-6.37983e-02
-3.25209e-01
-1.90045e-01
-5.85696e-01
-4.85607e-01
-2.45163e-01
-1.16628e-01
-2.25610e-01
-7.19742e-01
-4.25406e-01
-1.99796e-01
-1.99796e-01
-3.45951e-01
-2.91638e-01
-1.46155e-01
-1.45483e-01
-2.42564e-01
-1.92312e-01
-9.70813e-02
-9.52310e-02
-1.63520e-01
-1.00831e-01
-3.25420e-02
-3.25420e-02
-3.23317e-02
 4.35083e-02
 3.02472e-01
 1.76850e-01
 4.13595e-01
 6.42465e-01
 5.30926e-01
 7.66353e-01
 9.94155e-01
 8.84369e-01
 1.08817e+00
 1.27806e+00
 1.18665e+00
 1.38125e+00
 1.55481e+00
 1.47076e+00
 1.62269e+00
 1.75941e+00
 1.69408e+00
 1.81482e+00
 1.85381e+00
 1.88080e+00
 1.93268e+00
 1.95817e+00
 1.96349e+00
 1.98575e+00
 1.98216e+00
 2.80658e-01
 4.89907e-02
 1.68033e-01
 6.71554e-01
 4.14512e-01
 5.45516e-01
 1.19593e-01
 2.36348e-01
 4.79976e-01
 5.92873e-01
 1.02298e+00
 7.88800e-01
 8.99775e-01
 1.31302e+00
 1.13622e+00
 1.21625e+00
 8.16622e-01
 9.40738e-01
 1.14398e+00
 1.21893e+00
 1.54264e+00
 1.38540e+00
 1.45512e+00
 1.73576e+00
 1.62230e+00
 1.66039e+00
 1.37108e+00
 1.46261e+00
 1.58823e+00
 1.59299e+00
 1.87122e+00
 1.83724e+00
 1.79313e+00
 1.90259e+00
 1.90279e+00
 1.91737e+00
 1.68963e+00
 1.78776e+00
 1.84866e+00
 1.83151e+00
 1.91720e+00
 1.93185e+00
 1.85432e+00
 1.88608e+00
 3.30617e-02
 3.28513e-02
 3.28513e-02
 1.01822e-01
 1.65143e-01
 9.61723e-02
 1.92210e-01
 9.60380e-02
 2.36786e-01
 1.40748e-01
 1.40748e-01
 3.16018e-01
 3.68646e-01
 1.93376e-01
 1.93376e-01
 4.18870e-01
 1.62685e-01
 3.88179e-01
-1.94846e+00
-1.96460e+00
-1.96504e+00
-1.98351e+00
-1.93132e+00
-1.93593e+00
-1.89608e+00
-1.90844e+00
-1.97472e+00
-1.94429e+00
-1.90098e+00
-1.92630e+00
-1.86914e+00
-1.85374e+00
-1.79600e+00
-1.81499e+00
-1.87630e+00
-1.85692e+00
-1.80179e+00
-1.82831e+00
-1.71076e+00
-1.74865e+00
-1.61558e+00
-1.65530e+00
-1.75352e+00
-1.71181e+00
-1.64705e+00
-1.61869e+00
-1.50368e+00
-1.54858e+00
-1.38681e+00
-1.42805e+00
-1.54400e+00
-1.50462e+00
-1.42899e+00
-1.38780e+00
-1.25168e+00
-1.30575e+00
-1.09844e+00
-1.16355e+00
-1.29736e+00
-1.24324e+00
-1.13784e+00
-1.09245e+00
-9.37440e-01
-1.00298e+00
-7.83755e-01
-8.35639e-01
-9.88099e-01
-9.35104e-01
-8.33304e-01
-7.78105e-01
-6.09018e-01
-6.79219e-01
-4.20607e-01
-5.01642e-01
-6.62098e-01
-5.95212e-01
-4.66101e-01
-4.11194e-01
-2.33507e-01
-3.09780e-01
-6.40300e-02
-1.19474e-01
-2.89123e-01
-2.28934e-01
-1.14900e-01
-5.37983e-02
 1.24602e-01
 4.87463e-02
 3.20326e-01
 2.35447e-01
 7.11927e-02
 1.41390e-01
 2.75280e-01
 3.31479e-01
 5.06354e-01
 4.30449e-01
 6.67120e-01
 6.16021e-01
 4.53445e-01
 5.12192e-01
 6.21859e-01
 6.79876e-01
 8.41891e-01
 7.71682e-01
 1.01565e+00
 9.39847e-01
 7.95645e-01
 8.58935e-01
 9.77667e-01
 1.02673e+00
 1.17214e+00
 1.10813e+00
 1.29989e+00
 1.26112e+00
 1.13033e+00
 1.17873e+00
 1.26771e+00
 1.31392e+00
 1.43727e+00
 1.38179e+00
 1.56545e+00
 1.51506e+00
 1.40270e+00
 1.45073e+00
 1.53229e+00
 1.56583e+00
 1.62344e+00
 1.65350e+00
 1.75117e+00
 1.71461e+00
 1.63781e+00
 1.66227e+00
 1.71961e+00
 1.76197e+00
 1.82123e+00
 1.80063e+00
 1.87631e+00
 1.86047e+00
 1.80898e+00
 1.83620e+00
 1.86428e+00
 1.88339e+00
 1.90334e+00
 1.91976e+00
 1.94698e+00
 1.94315e+00
 1.90792e+00
 1.93222e+00
 1.95102e+00
 1.97037e+00
 1.95506e+00
 1.94776e+00
 1.97720e+00
 1.97173e+00
-1.97849e+00
-1.97413e+00
-1.95728e+00
-1.95403e+00
-1.95306e+00
-1.97244e+00
-1.90856e+00
-1.93349e+00
-1.95138e+00
-1.94498e+00
-1.90341e+00
-1.92025e+00
-1.86312e+00
-1.88296e+00
-1.80663e+00
-1.83460e+00
-1.87519e+00
-1.85766e+00
-1.81763e+00
-1.79496e+00
-1.71535e+00
-1.75844e+00
-1.62497e+00
-1.65149e+00
-1.74690e+00
-1.71186e+00
-1.61891e+00
-1.65643e+00
-1.51052e+00
-1.54990e+00
-1.39071e+00
-1.44122e+00
-1.55240e+00
-1.50956e+00
-1.44027e+00
-1.39829e+00
-1.30266e+00
-1.23741e+00
-1.08666e+00
-1.14165e+00
-1.32008e+00
-1.27436e+00
-1.11487e+00
-1.18234e+00
-9.41605e-01
-9.93265e-01
-7.86819e-01
-8.40326e-01
-1.01116e+00
-9.43722e-01
-8.42443e-01
-7.89611e-01
-6.04707e-01
-6.72446e-01
-4.27176e-01
-4.77130e-01
-6.85064e-01
-6.16649e-01
-4.29785e-01
-5.08970e-01
-2.42887e-01
-3.17231e-01
-5.74593e-02
-1.39530e-01
-3.15157e-01
-2.30509e-01
-1.05737e-01
-5.42907e-02
 1.42185e-01
 5.62330e-02
 3.14203e-01
 2.65842e-01
 5.84983e-02
 1.31612e-01
 3.15290e-01
 2.34729e-01
 4.99233e-01
 4.25327e-01
 6.78331e-01
 5.99041e-01
 4.27704e-01
 5.11390e-01
 6.31816e-01
 6.81516e-01
 8.48539e-01
 7.80208e-01
 9.90195e-01
 9.41976e-01
 7.98763e-01
 8.54056e-01
 9.47493e-01
 1.01303e+00
 1.14047e+00
 1.08421e+00
 1.30407e+00
 1.23584e+00
 1.11510e+00
 1.18502e+00
 1.27862e+00
 1.32659e+00
 1.45532e+00
 1.39369e+00
 1.55777e+00
 1.52974e+00
 1.39897e+00
 1.44925e+00
 1.56873e+00
 1.52320e+00
 1.66171e+00
 1.62564e+00
 1.75764e+00
 1.72408e+00
 1.63283e+00
 1.66695e+00
 1.72940e+00
 1.76011e+00
 1.80717e+00
 1.82902e+00
 1.88132e+00
 1.86276e+00
 1.80772e+00
 1.82653e+00
 1.87689e+00
 1.86252e+00
 1.90776e+00
 1.93214e+00
 1.97675e+00
 1.95209e+00
 1.90436e+00
 1.92156e+00
 1.94491e+00
 1.95736e+00
 1.97345e+00
 1.97122e+00
 1.94845e+00
 1.94858e+00
