scalars
part
         1
block
-3.86484e+00
-3.86494e+00
-3.86088e+00
-3.85781e+00
-3.85582e+00
-5.69410e-02
-5.68914e-02
-3.86440e+00
-3.86451e+00
-3.86259e+00
-3.85926e+00
-3.85606e+00
-5.71211e-02
-5.70878e-02
-3.86581e+00
-3.86540e+00
-3.86166e+00
-3.86007e+00
-3.85848e+00
-3.86498e+00
-3.86482e+00
-3.84502e+00
-3.84615e+00
-3.84766e+00
-3.85942e+00
-3.86140e+00
-5.97253e-02
-3.86609e+00
-3.86560e+00
-3.86443e+00
-3.86031e+00
-3.85921e+00
-3.86092e+00
-5.89648e-02
-3.86592e+00
-3.86567e+00
-3.86549e+00
-3.86295e+00
-3.86002e+00
-3.85580e+00
-5.78381e-02
-5.78926e-02
-3.86491e+00
-3.86496e+00
-3.86146e+00
-3.85787e+00
-3.85538e+00
-5.80193e-02
-5.75307e-02
-3.68368e+00
-3.68397e+00
-3.68149e+00
-3.67785e+00
-3.67462e+00
-5.90861e-02
-5.95409e-02
-3.68385e+00
-3.68407e+00
-3.68295e+00
-3.67966e+00
-3.67566e+00
-5.92663e-02
-5.97179e-02
-3.68502e+00
-3.68516e+00
-3.68339e+00
-3.68166e+00
-3.67880e+00
-3.68260e+00
-3.68185e+00
-3.67211e+00
-3.67139e+00
-3.67337e+00
-3.68206e+00
-3.68259e+00
-6.23581e-02
-3.68338e+00
-3.68602e+00
-3.68596e+00
-3.68304e+00
-3.68140e+00
-3.68243e+00
-6.05457e-02
-3.68298e+00
-3.68400e+00
-3.68440e+00
-3.68379e+00
-3.68112e+00
-3.67652e+00
-5.99832e-02
-5.99538e-02
-3.68379e+00
-3.68419e+00
-3.68214e+00
-3.67836e+00
-3.67464e+00
-5.96649e-02
-5.96286e-02
-3.01283e+00
-3.01301e+00
-3.01337e+00
-3.01364e+00
-3.01090e+00
-7.43859e-02
-7.39555e-02
-3.01299e+00
-3.01306e+00
-3.01339e+00
-3.01380e+00
-3.01124e+00
-7.46046e-02
-7.41357e-02
-3.01344e+00
-3.01351e+00
-3.01368e+00
-3.01370e+00
-3.01342e+00
-3.00855e+00
-3.00837e+00
-3.01100e+00
-3.01249e+00
-3.01459e+00
-3.01413e+00
-3.01384e+00
-7.60995e-02
-3.00727e+00
-3.01462e+00
-3.01466e+00
-3.01537e+00
-3.01450e+00
-3.01463e+00
-7.52122e-02
-3.00803e+00
-3.01420e+00
-3.01428e+00
-3.01499e+00
-3.01548e+00
-3.01234e+00
-7.53558e-02
-7.48528e-02
-3.01380e+00
-3.01339e+00
-3.01496e+00
-3.01542e+00
-3.01208e+00
-7.49124e-02
-7.45344e-02
-2.29243e+00
-2.29292e+00
-2.29353e+00
-2.29419e+00
-2.29389e+00
-7.88090e-02
-7.87726e-02
-2.29303e+00
-2.29317e+00
-2.29364e+00
-2.29425e+00
-2.29421e+00
-7.89893e-02
-7.89528e-02
-2.29351e+00
-2.29346e+00
-2.29374e+00
-2.29430e+00
-2.29536e+00
-2.29352e+00
-2.29352e+00
-2.29426e+00
-2.29417e+00
-2.29421e+00
-2.29451e+00
-2.29571e+00
-2.29449e+00
-2.29335e+00
-2.29449e+00
-2.29460e+00
-2.29438e+00
-2.29461e+00
-2.29576e+00
-2.29474e+00
-2.29467e+00
-2.29392e+00
-2.29429e+00
-2.29439e+00
-2.29432e+00
-2.29388e+00
-7.97060e-02
-7.96698e-02
-2.29368e+00
-2.29411e+00
-2.29447e+00
-2.29438e+00
-2.29471e+00
-7.93879e-02
-7.93515e-02
-9.44384e-01
-9.45206e-01
-9.45606e-01
-9.45393e-01
-9.45590e-01
-9.44487e-01
-9.44288e-01
-9.45079e-01
-9.45404e-01
-9.45634e-01
-9.45438e-01
-9.45478e-01
-9.44860e-01
-9.44828e-01
-9.46065e-01
-9.46087e-01
-9.45692e-01
-9.45496e-01
-9.45286e-01
-9.44804e-01
-9.44792e-01
-9.45459e-01
-9.45476e-01
-9.45296e-01
-9.45518e-01
-9.44392e-01
-9.44764e-01
-9.44720e-01
-9.45123e-01
-9.45132e-01
-9.44908e-01
-9.44897e-01
-9.44753e-01
-9.44439e-01
-9.44345e-01
-9.44553e-01
-9.44612e-01
-9.45063e-01
-9.45094e-01
-9.45120e-01
-9.43847e-01
-9.43482e-01
-9.44047e-01
-9.44308e-01
-9.45036e-01
-9.45157e-01
-9.45334e-01
-9.42677e-01
-9.41705e-01
 2.67199e-01
 2.65085e-01
 2.61891e-01
 2.62298e-01
 2.68639e-01
 2.63557e-01
 2.64197e-01
 2.66711e-01
 2.64735e-01
 2.61400e-01
 2.61974e-01
 2.66844e-01
 2.63516e-01
 2.64104e-01
 2.61958e-01
 2.60748e-01
 2.60502e-01
 2.60996e-01
 2.64613e-01
 2.62892e-01
 2.62824e-01
 2.84022e-11
 2.30549e-01
 2.58563e-01
 2.58924e-01
 2.66052e-01
 2.61606e-01
 2.61538e-01
 2.64464e-01
 2.62502e-01
 2.60637e-01
 2.59977e-01
 2.60725e-01
 2.60703e-01
 2.60549e-01
 2.64257e-01
 2.63549e-01
 2.61594e-01
 2.61344e-01
 2.61329e-01
 2.60364e-01
 2.60315e-01
 2.65223e-01
 2.64347e-01
 2.62226e-01
 2.62042e-01
 2.62040e-01
 2.60817e-01
 2.60898e-01
 6.00789e-01
 5.98942e-01
 5.98775e-01
 6.01800e-01
 6.05638e-01
 6.02029e-01
 6.02386e-01
 5.99840e-01
 5.98391e-01
 5.96868e-01
 5.99023e-01
 6.03253e-01
 6.01943e-01
 6.02200e-01
 5.97570e-01
 5.95922e-01
 5.96459e-01
 6.00070e-01
 6.05739e-01
 6.05285e-01
 6.13010e-01
 5.62590e-01
 5.67031e-01
 5.93392e-01
 5.95441e-01
 6.08085e-01
 6.05758e-01
 6.12658e-01
 6.00493e-01
 5.98019e-01
 5.96647e-01
 5.97952e-01
 6.02824e-01
 6.03804e-01
 6.10032e-01
 6.00064e-01
 5.99208e-01
 5.98852e-01
 6.00117e-01
 6.01360e-01
 5.99749e-01
 5.97615e-01
 6.00200e-01
 5.99531e-01
 5.99168e-01
 6.00662e-01
 6.01960e-01
 6.00019e-01
 5.97434e-01
