vectors
part
         1
block
-4.87859e-03
-6.99891e-03
-3.70691e-03
 1.15145e-02
 0.00000e+00
 0.00000e+00
 0.00000e+00
-8.95512e-03
-7.51016e-03
-2.91459e-03
 1.23979e-02
 0.00000e+00
 0.00000e+00
 0.00000e+00
-6.37716e-03
-8.65700e-03
 1.78386e-02
 2.92571e-02
 1.84632e-14
 6.32850e-03
-1.24037e-02
 1.92301e-01
 1.16392e-01
 1.20274e-01
 6.57369e-02
 3.71986e-02
 0.00000e+00
 1.02142e-02
-1.02640e-02
 3.13564e-03
 3.43587e-02
 4.10780e-02
 4.57209e-02
 1.91102e-15
 7.23187e-03
-4.27266e-03
-1.63444e-02
 3.61818e-03
 1.51784e-02
-3.48579e-19
 0.00000e+00
 0.00000e+00
-5.93999e-03
-9.49198e-03
-3.41862e-03
 2.29604e-02
 0.00000e+00
 0.00000e+00
 0.00000e+00
-5.02351e-04
-1.43393e-02
 2.08754e-03
 3.76687e-02
 0.00000e+00
 0.00000e+00
 0.00000e+00
-2.88400e-03
-2.03882e-02
 6.37474e-03
 5.66075e-02
 0.00000e+00
 0.00000e+00
 0.00000e+00
-2.07728e-03
-8.17491e-03
 5.36763e-02
 9.03311e-02
 4.68902e-12
 1.50156e-02
 1.19195e-02
 1.95264e-01
 1.86915e-01
 1.82387e-01
 1.34540e-01
 1.05242e-01
-1.41430e-18
 5.62786e-03
-2.02267e-03
 1.31849e-02
 9.50128e-02
 1.10629e-01
 1.09460e-01
 1.53521e-13
 7.59627e-03
-2.55937e-03
-1.81408e-02
 1.05236e-02
 6.00108e-02
 2.40507e-12
 0.00000e+00
 0.00000e+00
-2.30932e-03
-2.21695e-02
 6.05842e-03
 5.58455e-02
 0.00000e+00
 0.00000e+00
 0.00000e+00
 9.80501e-04
-4.71525e-03
-7.98434e-04
 1.42801e-02
 0.00000e+00
 0.00000e+00
 0.00000e+00
 8.62212e-06
 3.74778e-03
 2.90822e-03
 2.05171e-02
 0.00000e+00
 0.00000e+00
 0.00000e+00
 1.69039e-04
 3.09689e-03
-1.48202e-02
 3.53663e-03
-1.62788e-13
-1.13566e-02
-4.96602e-03
 1.95139e-01
 1.68954e-01
 6.54962e-02
-2.83579e-02
-3.44147e-02
 2.13596e-19
-3.76373e-03
-7.79035e-05
-1.17013e-02
-3.66935e-02
-2.83133e-02
-8.88824e-03
-1.30394e-14
-3.04768e-03
 4.97854e-04
 7.16329e-03
-2.21705e-02
-3.12390e-02
-1.01523e-16
 0.00000e+00
 0.00000e+00
-1.10699e-03
-3.20692e-03
-1.48123e-03
 3.09565e-02
 0.00000e+00
 0.00000e+00
 0.00000e+00
 2.35580e-03
-4.07448e-04
-2.47137e-03
 1.78712e-05
 0.00000e+00
 0.00000e+00
 0.00000e+00
 5.00930e-03
-3.67968e-03
-6.01433e-03
 3.59980e-03
 0.00000e+00
 0.00000e+00
 0.00000e+00
 5.04699e-03
 6.54540e-03
 4.11156e-04
-1.22512e-02
-5.47640e-12
 1.27529e-03
 6.60985e-03
 2.11308e-03
 4.24676e-03
 1.22851e-02
 2.90444e-02
-4.49013e-02
-3.17246e-02
-5.51162e-03
 4.36618e-03
 1.05835e-02
 1.10016e-02
 1.10662e-02
-6.18066e-03
-3.54349e-03
 3.12972e-03
 5.13656e-03
 1.88561e-02
 7.58530e-03
-4.97737e-03
-4.58902e-15
 0.00000e+00
 0.00000e+00
 4.06490e-03
-4.63940e-03
-6.57597e-03
-4.05850e-03
 0.00000e+00
 0.00000e+00
 0.00000e+00
 5.43591e-03
-7.38158e-03
-1.66011e-02
-1.08619e-02
 3.20283e-03
 3.66542e-03
-2.99563e-04
 5.61866e-04
-2.05857e-03
-1.42513e-02
-4.57864e-03
-1.33250e-02
 2.74315e-03
 6.80594e-04
 1.33711e-04
 3.25216e-03
-3.75900e-03
 2.19565e-03
-1.48621e-02
-1.85573e-03
 6.44687e-03
-5.85453e-04
-8.65329e-03
-1.60364e-02
 2.34007e-03
 7.52454e-03
 1.30483e-02
 7.61416e-03
-2.42191e-04
-6.82118e-04
 9.37832e-03
 1.40625e-03
-2.87419e-03
 1.36319e-02
 8.13551e-03
 3.96208e-04
 8.53895e-03
 9.40186e-04
-5.59683e-03
-2.82481e-02
-7.55072e-03
-1.74955e-03
-1.08083e-04
-1.44677e-02
-2.70445e-02
-2.09962e-02
-1.66552e-02
 1.56432e-03
 6.23496e-04
 5.29522e-03
-2.63985e-02
-5.24055e-02
-2.20521e-02
 2.58462e-02
 1.20096e-02
 2.21256e-03
-3.32069e-03
-5.09029e-02
-7.53859e-02
-5.59700e-02
 2.97345e-02
 3.09304e-02
 5.14968e-03
-2.43382e-03
-2.85614e-02
-3.23939e-02
-2.76525e-02
-7.46792e-03
 1.41195e-02
-1.07375e-03
-4.46607e-01
-1.38580e-01
-5.20179e-02
-4.80728e-02
 5.82860e-04
 2.05222e-02
 2.01491e-03
-3.19827e-03
-4.13994e-02
-4.47868e-02
-3.79248e-02
 1.52571e-02
 2.17561e-02
 3.60980e-03
-1.96781e-03
-1.08419e-02
-2.51321e-02
-1.64135e-02
 9.45040e-03
 2.35569e-02
 5.63793e-03
-1.89461e-03
-2.65594e-02
-5.84551e-02
-5.24719e-02
-2.03500e-02
 2.66404e-02
 9.16403e-03
 6.96096e-04
-2.81796e-02
-6.97767e-02
-3.94944e-02
 7.00078e-03
 1.88692e-03
 9.30579e-03
-3.06194e-03
-4.06160e-02
-9.05495e-02
-7.57561e-02
-4.27754e-03
-1.30507e-02
 1.37286e-02
 2.18284e-03
-6.57516e-02
-1.06350e-01
-1.49258e-01
-2.00768e-02
-1.80359e-01
-1.37504e-01
-4.94762e-02
-1.73279e-01
-1.14187e-01
-1.45656e-01
-8.56200e-02
-1.92668e-01
-1.45717e-01
 5.83420e-03
-5.38403e-02
-9.06024e-02
-1.11917e-01
-1.43974e-01
-1.88145e-01
-1.43562e-01
-1.01894e-03
-3.95405e-02
-7.71490e-02
-8.51991e-02
-7.29998e-02
-3.88503e-02
 1.36764e-02
-4.69335e-03
-2.78326e-02
-5.62885e-02
-6.02841e-02
-4.05425e-02
 2.62781e-05
 1.42607e-02
-3.73153e-03
-2.75124e-03
 6.86505e-03
-3.56369e-03
-7.15641e-03
 0.00000e+00
 0.00000e+00
 1.39359e-02
 7.18616e-03
-1.93781e-02
-1.06727e-02
-9.11503e-03
 0.00000e+00
 0.00000e+00
-9.51637e-03
-2.82872e-02
-4.57908e-02
-2.62650e-02
-2.11338e-03
 2.03720e-15
 1.70009e-02
 2.64369e-05
 6.55980e-04
 4.61341e-03
 1.32486e-03
-2.14392e-03
 0.00000e+00
-1.55254e-03
 1.04480e-02
 2.96063e-02
 4.41403e-02
 2.77102e-02
 4.01535e-03
-2.31380e-15
-1.28735e-02
-1.14292e-02
-3.74129e-03
 1.98255e-02
 1.17153e-02
 9.93117e-03
 0.00000e+00
 0.00000e+00
 4.60259e-03
 2.48907e-03
-1.03855e-02
 3.44776e-03
 8.48484e-03
 0.00000e+00
 0.00000e+00
-1.67897e-03
-2.19753e-03
-3.28832e-03
-3.88113e-03
-3.18569e-03
 0.00000e+00
 0.00000e+00
 4.99512e-03
 1.23094e-03
-3.02420e-02
-4.09103e-02
-2.20803e-02
 0.00000e+00
 0.00000e+00
 4.66189e-05
 3.59854e-02
-7.15386e-02
-6.29010e-02
-3.14230e-02
-6.31090e-15
 3.85236e-02
 2.88156e-05
 7.98115e-04
 3.20340e-03
 3.78924e-03
 3.22917e-03
 0.00000e+00
 1.65435e-03
 2.40939e-03
-3.17133e-02
 7.18743e-02
 6.63840e-02
 3.72359e-02
 9.50069e-15
-3.44379e-02
-3.59084e-03
 1.49575e-04
 3.15915e-02
 4.73544e-02
 2.60450e-02
 0.00000e+00
 0.00000e+00
 2.20612e-03
 3.37842e-03
 4.56743e-03
 5.21427e-03
 4.35205e-03
 0.00000e+00
 0.00000e+00
-4.32377e-04
 4.42216e-04
 2.71620e-04
 4.27731e-04
 2.81194e-04
 0.00000e+00
 0.00000e+00
 1.99903e-03
 1.05833e-02
-3.43087e-03
 7.67029e-03
 3.29991e-02
 0.00000e+00
 0.00000e+00
 8.31601e-03
 2.93341e-02
 5.10473e-03
-2.62994e-03
 1.77575e-02
-5.64370e-13
 3.61027e-02
-1.36470e-05
 2.38777e-03
-1.50068e-02
 1.10013e-02
 4.48096e-03
 0.00000e+00
-1.26816e-04
-7.03979e-03
-2.22444e-02
-8.00543e-03
 7.18466e-03
-5.44515e-03
 7.84160e-13
-3.35072e-02
 1.17026e-03
-1.84385e-02
 4.45185e-03
-3.33811e-03
-2.16833e-02
 0.00000e+00
 0.00000e+00
 1.44859e-03
-1.36298e-02
-6.13070e-03
-4.40180e-03
 7.42486e-04
 0.00000e+00
 0.00000e+00
 1.00184e-03
 5.46834e-03
 5.04781e-03
 4.85439e-03
 6.97477e-03
 0.00000e+00
 0.00000e+00
 6.33694e-03
 2.41736e-02
 1.25813e-02
 8.62047e-03
 1.46563e-02
 0.00000e+00
 0.00000e+00
 6.14774e-03
 1.64857e-02
 1.00102e-02
 2.16342e-02
 9.08340e-03
-2.00310e-03
 2.03292e-02
 1.36445e-03
 7.39310e-03
 1.08042e-02
-6.11906e-03
-2.13694e-02
-4.38201e-03
 4.01270e-04
-6.48311e-04
-9.38905e-03
-1.23134e-02
-2.51774e-02
-3.17704e-02
-7.21521e-03
-2.38091e-02
-4.43847e-03
-2.05352e-02
-1.22088e-02
 7.03752e-03
-5.66786e-03
 0.00000e+00
 0.00000e+00
-2.60249e-03
-1.04903e-03
-9.14847e-04
-6.07876e-04
-4.66581e-03
 0.00000e+00
 0.00000e+00
-4.92783e-03
 1.18495e-03
 1.32822e-04
 1.38005e-05
-2.05600e-04
 3.86060e-03
 4.28480e-03
 1.18366e-02
 2.25162e-02
-9.45644e-05
-5.47073e-03
-3.46599e-03
 1.51283e-02
 2.41368e-02
 1.51730e-02
 2.45482e-02
-9.54793e-03
 2.31692e-03
-1.72282e-02
-1.18082e-02
-3.15344e-03
 7.66939e-03
 4.88599e-03
-3.13991e-03
-1.38533e-02
-1.41758e-02
-1.64015e-02
-1.82550e-02
 4.21580e-03
-1.52196e-02
-9.61597e-03
-7.75038e-04
 3.04677e-03
-3.37010e-03
-8.69032e-03
 1.29715e-04
-1.74161e-02
-2.90821e-03
 2.94080e-03
-9.79808e-03
-2.71764e-02
-3.48199e-02
-8.01432e-05
 3.73870e-04
 5.31777e-04
 6.68562e-04
 5.14961e-04
-5.94521e-03
-6.67850e-03
-7.38473e-03
-1.28499e-03
-1.67253e-03
-1.82774e-03
-3.69324e-03
-1.75213e-03
-1.61550e-03
 9.66995e-03
 1.15441e-02
 8.34586e-03
 1.71701e-03
-4.98298e-02
-5.44757e-04
 1.03539e-02
 3.03458e-02
 5.16277e-02
 3.64094e-02
-1.66011e-02
-3.40048e-02
 1.59914e-02
 2.76906e-02
 3.04941e-04
 1.61444e-03
 2.94883e-02
 3.51925e-02
 7.71267e-02
 3.16382e-02
 2.61745e-02
 1.09536e-02
 8.28978e-03
 1.11904e-02
 2.73020e-02
 5.90172e-02
 4.11600e-02
 3.76269e-02
 1.58422e-02
 1.24863e-02
 5.29911e-03
 5.03117e-03
 9.97435e-03
 6.12879e-03
-9.69821e-03
 1.57579e-03
 2.68362e-03
 2.70444e-03
 2.71039e-03
 2.73153e-03
 2.52656e-03
 2.01249e-03
-8.23549e-03
-5.80957e-03
-9.11185e-03
-2.23224e-02
-9.45066e-03
-9.92193e-03
-1.02270e-02
 9.06979e-03
-1.70839e-02
-6.53215e-02
-9.14986e-02
-7.62044e-02
-3.00718e-02
-2.41595e-03
 1.84889e-02
 3.41161e-03
-4.24449e-02
-1.41803e-01
-1.23664e-01
-1.48695e-03
 2.36046e-03
 4.55907e-02
 7.80695e-02
 8.31988e-02
 1.19443e-01
 5.74426e-02
 2.50228e-03
-3.95817e-03
-4.41488e-04
-3.07743e-04
 1.71002e-02
 2.36935e-02
 2.79562e-02
 1.39433e-02
 2.93642e-03
 1.62715e-02
 2.46625e-02
 3.05937e-02
 3.37166e-02
 4.58730e-02
 4.90494e-02
 1.88810e-02
 4.31042e-03
 8.24208e-03
 9.61601e-03
 1.23997e-02
 1.71766e-02
 1.84606e-02
 1.25557e-02
 8.61013e-03
 3.22428e-03
-7.00182e-03
 3.41382e-03
 7.12193e-03
 0.00000e+00
 0.00000e+00
 7.44440e-03
-1.08235e-03
 1.47579e-03
 1.39147e-03
 5.13782e-04
 0.00000e+00
 0.00000e+00
 6.54903e-03
 3.99225e-04
 6.55899e-05
 2.86376e-05
 1.52652e-04
 1.01188e-04
 1.11725e-03
 2.82501e-03
 3.59382e-04
-2.46930e-03
-4.25124e-05
 2.42936e-04
 1.33332e-19
 1.91219e-05
 1.03586e-02
-4.85168e-04
 2.80627e-04
-1.11983e-04
 4.65419e-05
-1.22600e-19
 1.31881e-03
 5.22917e-03
 1.17533e-03
 2.07802e-04
 3.33589e-04
-1.77951e-03
 0.00000e+00
 0.00000e+00
 7.08605e-03
 2.43478e-03
-8.12191e-04
-2.92663e-03
-3.02047e-03
 0.00000e+00
 0.00000e+00
 7.23473e-02
 6.99779e-02
 7.82479e-02
 7.87034e-02
 7.85511e-02
 0.00000e+00
 1.16627e-20
 5.58072e-02
-3.91591e-03
 4.37282e-03
 1.30434e-02
 3.31045e-02
 0.00000e+00
 2.12578e-20
 6.48022e-02
-3.01789e-03
-4.84960e-03
-2.22662e-03
 3.96657e-02
-3.81463e-03
 2.40755e-02
-1.04150e-03
-2.51601e-02
-4.13709e-02
-1.56923e-02
-3.83068e-03
-2.85218e-19
 1.23540e-02
 6.53437e-02
-6.04605e-03
-5.02362e-03
-3.64820e-03
 1.54289e-03
 9.63610e-19
 1.41261e-02
 7.20200e-02
 6.24937e-03
-3.91001e-03
 4.34679e-03
 2.81155e-02
-3.96542e-20
-2.21919e-20
 7.33122e-02
 3.68504e-02
 5.05806e-02
 5.46480e-02
 5.63038e-02
 0.00000e+00
 2.45775e-20
 6.80166e-02
 8.78941e-02
 8.33924e-02
 9.11468e-02
 1.10660e-01
-1.16415e-20
 3.40499e-20
 8.04193e-02
-8.27367e-03
-1.49054e-03
-1.14008e-03
-7.46355e-03
-3.58341e-20
 1.51703e-20
 8.26328e-02
-1.98105e-03
-1.39928e-03
-3.17933e-03
 6.43460e-02
 4.39620e-03
 5.80295e-03
-9.83151e-06
-2.54390e-02
-2.54801e-02
-1.54809e-03
-5.59035e-03
 1.83281e-18
 3.56521e-02
 8.13110e-02
 5.02922e-03
-2.32399e-03
-8.68353e-04
 9.22484e-03
-4.58931e-19
 1.99456e-02
 8.61787e-02
 6.48691e-03
 5.06921e-03
-2.08985e-03
-3.43431e-02
 8.10050e-20
 1.31767e-19
 8.77340e-02
 3.71336e-03
 3.85520e-02
 4.54694e-02
 8.07372e-02
 2.24402e-20
 7.19531e-20
-3.25730e-02
-6.79475e-02
-6.12725e-02
-6.43563e-02
-6.30929e-02
 6.93973e-14
-1.34610e-13
-6.21411e-02
 1.44786e-02
-1.42270e-04
 4.46968e-03
-1.83357e-03
 6.93973e-14
-1.34610e-13
-6.51662e-02
 5.30141e-03
-1.75720e-04
 1.20963e-03
 2.30316e-02
-2.78532e-04
-1.64512e-03
-5.73768e-02
 3.43597e-03
-5.66087e-04
 2.83521e-04
 4.26539e-06
 9.53372e-07
-7.20876e-03
-6.69972e-02
 3.13556e-03
 2.02176e-03
-5.54279e-04
 6.17875e-06
 1.12469e-05
 2.62455e-03
-7.32154e-02
 5.04260e-03
-1.30048e-03
-1.78146e-03
-6.04567e-04
 6.93972e-14
-1.34610e-13
-8.03487e-02
-1.24139e-02
-9.02362e-03
-2.86273e-03
-4.01144e-02
 6.93973e-14
-1.34610e-13
-9.74434e-02
-1.37000e-01
-1.18109e-01
-1.14911e-01
-1.09824e-01
-1.15491e-01
-1.22135e-01
-1.33697e-01
-3.42874e-03
-4.49981e-03
 3.23414e-03
 3.59779e-03
 2.65891e-04
 2.77064e-03
-1.25443e-01
 1.12982e-02
 4.08642e-03
-2.38508e-03
-6.09377e-03
 6.41120e-03
 1.30233e-02
-5.58117e-02
 1.74833e-02
-5.39018e-04
 1.57535e-02
 6.34555e-03
 3.85716e-04
 1.14622e-02
-1.10746e-01
 4.31919e-03
-2.97406e-03
-1.73170e-03
-5.16573e-03
-6.43454e-03
 6.71252e-03
-1.26218e-01
-7.67734e-03
-2.96317e-03
 4.74889e-03
-2.67830e-03
-6.12721e-03
-1.15260e-02
-1.37845e-01
-9.52537e-02
-7.09279e-02
-4.87556e-02
-4.76575e-02
-7.90370e-02
-9.11623e-02
-7.25829e-02
-7.71796e-02
-8.08613e-02
-8.73394e-02
-7.81834e-02
-7.77205e-02
-7.99615e-02
-7.10132e-02
-3.30382e-02
-1.38288e-02
-6.30988e-03
-3.78567e-02
 2.99968e-03
 6.20885e-04
-7.89423e-02
-1.29224e-02
 6.01748e-03
 2.14399e-03
-3.47074e-02
 1.80686e-03
 3.32992e-02
 1.29852e-01
 6.07812e-02
-2.06180e-03
 1.36780e-02
-4.50897e-02
 1.33963e-03
 3.88560e-02
-7.40132e-02
-2.29056e-02
-2.45154e-04
 4.65253e-04
 5.85380e-03
 1.91538e-03
 3.29808e-02
-7.77882e-02
-1.82882e-02
-2.70538e-03
-2.51503e-03
-7.64115e-04
-1.85318e-03
-9.64973e-03
-8.86565e-02
-5.19191e-02
-4.48523e-02
-4.02491e-02
-4.33944e-02
-3.96867e-02
-4.00038e-02
-1.16270e-02
-8.52564e-03
 5.33256e-03
 2.29752e-02
 7.84079e-04
-5.59740e-03
-7.78842e-03
-8.23830e-03
-2.20795e-03
-1.78453e-03
-1.76347e-03
-2.44246e-03
-8.67537e-04
 4.91917e-03
-7.66499e-03
-2.38603e-03
-3.98181e-04
-1.56089e-03
-2.93603e-03
-1.37559e-03
-1.16246e-03
 1.89589e-02
-3.87857e-04
-2.97330e-04
-1.16675e-03
-2.84384e-03
-2.13877e-03
-1.98296e-03
-1.92603e-05
-1.68405e-03
 4.15098e-05
 7.74880e-05
-1.72790e-04
-1.95947e-03
-2.15198e-03
-7.81083e-03
-1.09621e-03
 1.59836e-04
 1.82721e-04
 1.89965e-04
 4.38656e-05
 2.33418e-03
-4.35020e-03
-5.92163e-04
-1.32495e-03
-2.06373e-03
-3.30695e-03
-3.53866e-03
-1.39469e-03
