scalars
part
         1
block
 0.00000e+00
 0.00000e+00
 0.00000e+00
 0.00000e+00
 0.00000e+00
 0.00000e+00
 0.00000e+00
 0.00000e+00
 0.00000e+00
 0.00000e+00
 0.00000e+00
 0.00000e+00
 0.00000e+00
 0.00000e+00
 0.00000e+00
 0.00000e+00
 0.00000e+00
 0.00000e+00
 0.00000e+00
 0.00000e+00
 0.00000e+00
 0.00000e+00
 0.00000e+00
 0.00000e+00
 0.00000e+00
 0.00000e+00
 0.00000e+00
 0.00000e+00
 0.00000e+00
 0.00000e+00
 0.00000e+00
 0.00000e+00
 0.00000e+00
 0.00000e+00
 0.00000e+00
 0.00000e+00
 0.00000e+00
 0.00000e+00
 0.00000e+00
 0.00000e+00
 0.00000e+00
 0.00000e+00
 0.00000e+00
 0.00000e+00
 0.00000e+00
 0.00000e+00
 0.00000e+00
 0.00000e+00
 0.00000e+00
 0.00000e+00
 0.00000e+00
 0.00000e+00
 0.00000e+00
 0.00000e+00
 0.00000e+00
 0.00000e+00
 0.00000e+00
 0.00000e+00
 0.00000e+00
 0.00000e+00
 0.00000e+00
 0.00000e+00
 0.00000e+00
 0.00000e+00
 0.00000e+00
 0.00000e+00
 0.00000e+00
 0.00000e+00
 0.00000e+00
 0.00000e+00
 0.00000e+00
 0.00000e+00
 0.00000e+00
 0.00000e+00
 0.00000e+00
 0.00000e+00
 0.00000e+00
 0.00000e+00
 0.00000e+00
 0.00000e+00
 0.00000e+00
 0.00000e+00
 0.00000e+00
 0.00000e+00
 0.00000e+00
 0.00000e+00
 0.00000e+00
 0.00000e+00
 0.00000e+00
 0.00000e+00
 0.00000e+00
 0.00000e+00
 0.00000e+00
 0.00000e+00
 0.00000e+00
 0.00000e+00
 0.00000e+00
 0.00000e+00
 0.00000e+00
 0.00000e+00
 0.00000e+00
 0.00000e+00
 0.00000e+00
 0.00000e+00
 0.00000e+00
 0.00000e+00
 0.00000e+00
 0.00000e+00
 0.00000e+00
 0.00000e+00
 0.00000e+00
 0.00000e+00
 0.00000e+00
 0.00000e+00
 0.00000e+00
 0.00000e+00
 0.00000e+00
 0.00000e+00
 0.00000e+00
 0.00000e+00
 0.00000e+00
 0.00000e+00
 0.00000e+00
 0.00000e+00
 0.00000e+00
 0.00000e+00
 0.00000e+00
 0.00000e+00
 0.00000e+00
 0.00000e+00
 0.00000e+00
 0.00000e+00
 0.00000e+00
 0.00000e+00
 0.00000e+00
 0.00000e+00
 0.00000e+00
 0.00000e+00
 0.00000e+00
 0.00000e+00
 0.00000e+00
 0.00000e+00
 0.00000e+00
 0.00000e+00
 0.00000e+00
 0.00000e+00
 0.00000e+00
 0.00000e+00
 0.00000e+00
 0.00000e+00
 0.00000e+00
 0.00000e+00
 0.00000e+00
 0.00000e+00
 0.00000e+00
 0.00000e+00
 0.00000e+00
 0.00000e+00
 0.00000e+00
 0.00000e+00
 0.00000e+00
 0.00000e+00
 0.00000e+00
 0.00000e+00
 0.00000e+00
 0.00000e+00
 0.00000e+00
 0.00000e+00
 0.00000e+00
 0.00000e+00
 0.00000e+00
 0.00000e+00
 0.00000e+00
 0.00000e+00
 0.00000e+00
 0.00000e+00
 2.21311e-01
 2.23271e-01
 2.26973e-01
 2.32644e-01
 2.40121e-01
 2.48655e-01
 2.56890e-01
 2.63180e-01
 2.66203e-01
 2.65567e-01
 2.61958e-01
 2.56715e-01
 2.51181e-01
 2.46257e-01
 2.42339e-01
 2.39467e-01
 2.15739e-01
 2.17534e-01
 2.22309e-01
 2.31053e-01
 2.44146e-01
 2.60527e-01
 2.77117e-01
 2.89369e-01
 2.93402e-01
 2.88447e-01
 2.77291e-01
 2.64283e-01
 2.52840e-01
 2.44367e-01
 2.38756e-01
 2.35337e-01
 2.07934e-01
 2.08020e-01
 2.12870e-01
 2.25892e-01
 2.50282e-01
 2.85938e-01
 3.25508e-01
 3.53517e-01
 3.55442e-01
 3.32184e-01
 2.98203e-01
 2.66759e-01
 2.44449e-01
 2.32152e-01
 2.26802e-01
 2.25054e-01
 1.89363e-01
 1.83994e-01
 1.85176e-01
 2.02846e-01
 2.50832e-01
 3.41876e-01
 4.69446e-01
 5.51992e-01
 5.05154e-01
 3.93237e-01
 2.95826e-01
 2.38088e-01
 2.07302e-01
 1.94303e-01
 1.95207e-01
 2.01603e-01
 1.51284e-01
 1.36789e-01
 1.29386e-01
 1.49020e-01
 2.35595e-01
 5.40189e-01
 1.25133e+00
 1.47052e+00
 7.35779e-01
 5.77538e-01
 2.09656e-01
 9.87446e-02
 9.32618e-02
 1.11483e-01
 1.28516e-01
 1.50710e-01
 1.69331e-01
 1.50416e-01
 1.39340e-01
 1.75885e-01
 3.98337e-01
 1.49442e+00
 4.20064e+00
 4.47907e+00
 1.16111e+00
 1.72208e+00
 1.40781e-01
 4.41660e-01
 2.48043e-01
 8.05793e-02
 2.29271e-02
 4.68518e-02
 1.47844e-01
 1.29396e-01
 1.17877e-01
 1.41556e-01
 2.93417e-01
 1.07764e+00
 3.09040e+00
 3.41167e+00
 1.00009e+00
 1.31083e+00
 8.14057e-02
 2.93298e-01
 1.55306e-01
 4.07872e-02
 4.79669e-02
 8.04697e-02
 1.64852e-01
 1.53442e-01
 1.49152e-01
 1.68803e-01
 2.41177e-01
 4.35598e-01
 8.18403e-01
 9.80941e-01
 6.55200e-01
 4.44965e-01
 2.51700e-01
 1.64643e-01
 1.48541e-01
 1.47981e-01
 1.56828e-01
 1.73039e-01
 1.97768e-01
 1.94768e-01
 1.97797e-01
 2.13986e-01
 2.52234e-01
 3.17537e-01
 3.99611e-01
 4.55819e-01
 4.40674e-01
 3.73020e-01
 3.03181e-01
 2.54064e-01
 2.24033e-01
 2.10580e-01
 2.08716e-01
 2.11441e-01
 2.11034e-01
 2.11978e-01
 2.17045e-01
 2.28527e-01
 2.48197e-01
 2.75265e-01
 3.04206e-01
 3.25024e-01
 3.28741e-01
 3.14851e-01
 2.91310e-01
 2.67526e-01
 2.49405e-01
 2.38227e-01
 2.32295e-01
 2.29512e-01
 2.17748e-01
 2.19696e-01
 2.24148e-01
 2.31731e-01
 2.42527e-01
 2.55552e-01
 2.68478e-01
 2.78128e-01
 2.81849e-01
 2.79016e-01
 2.71350e-01
 2.61765e-01
 2.52760e-01
 2.45607e-01
 2.40515e-01
 2.37174e-01
 4.44069e-01
 4.46623e-01
 4.52139e-01
 4.61144e-01
 4.73577e-01
 4.88399e-01
 5.03454e-01
 5.15909e-01
 5.23257e-01
 5.24415e-01
 5.20141e-01
 5.12464e-01
 5.03622e-01
 4.95274e-01
 4.88279e-01
 4.82875e-01
 4.34294e-01
 4.36085e-01
 4.42736e-01
 4.56151e-01
 4.77436e-01
 5.05393e-01
 5.35272e-01
 5.59392e-01
 5.70546e-01
 5.66307e-01
 5.50379e-01
 5.29719e-01
 5.10330e-01
 4.95099e-01
 4.84338e-01
 4.77244e-01
 4.21324e-01
 4.19554e-01
 4.25162e-01
 4.44153e-01
 4.82791e-01
 5.42174e-01
 6.11120e-01
 6.64689e-01
 6.78087e-01
 6.48360e-01
 5.95298e-01
 5.41850e-01
 5.01672e-01
 4.77742e-01
 4.65734e-01
 4.60352e-01
 3.88574e-01
 3.76873e-01
 3.74653e-01
 3.98363e-01
 4.71723e-01
 6.13768e-01
 8.07376e-01
 9.38772e-01
 9.09017e-01
 7.74557e-01
 6.17318e-01
 5.06761e-01
 4.44190e-01
 4.14965e-01
 4.10798e-01
 4.18001e-01
 3.18786e-01
 2.92001e-01
 2.75233e-01
 3.00193e-01
 4.31005e-01
 8.74377e-01
 1.86834e+00
 2.15376e+00
 1.36389e+00
 1.32186e+00
 5.58672e-01
 2.57483e-01
 2.41074e-01
 2.72957e-01
 2.96475e-01
 3.27120e-01
 3.62795e-01
 3.31233e-01
 3.13613e-01
 3.74781e-01
 7.40015e-01
 2.42600e+00
 6.42969e+00
 7.01904e+00
 2.05852e+00
 3.36243e+00
 1.86575e-01
 6.91033e-01
 4.04585e-01
 1.06672e-01
 6.85835e-02
 1.21753e-01
 3.17714e-01
 2.86158e-01
 2.66111e-01
 3.02822e-01
 5.44837e-01
 1.72748e+00
 4.67145e+00
 5.22683e+00
 1.85938e+00
 2.66489e+00
 3.20433e-01
 4.22278e-01
 2.23414e-01
 6.38345e-02
 1.37525e-01
 1.90943e-01
 3.43512e-01
 3.21556e-01
 3.09545e-01
 3.34484e-01
 4.43315e-01
 7.29013e-01
 1.25792e+00
 1.47273e+00
 1.16933e+00
 9.85168e-01
 5.93008e-01
 3.91517e-01
 3.46695e-01
 3.38437e-01
 3.45567e-01
 3.67101e-01
 4.03713e-01
 3.96229e-01
 3.97680e-01
 4.20106e-01
 4.79339e-01
 5.84205e-01
 7.16932e-01
 8.14454e-01
 8.13800e-01
 7.27929e-01
 6.17327e-01
 5.28286e-01
 4.70627e-01
 4.42165e-01
 4.34457e-01
 4.35944e-01
 4.26469e-01
 4.26390e-01
 4.32818e-01
 4.49894e-01
 4.81343e-01
 5.26885e-01
 5.78137e-01
 6.18612e-01
 6.32240e-01
 6.15536e-01
 5.79560e-01
 5.40068e-01
 5.08142e-01
 4.87048e-01
 4.74703e-01
 4.67953e-01
 4.37743e-01
 4.39976e-01
 4.46352e-01
 4.58137e-01
 4.75830e-01
 4.98194e-01
 5.21607e-01
 5.40661e-01
 5.50393e-01
 5.48947e-01
 5.38505e-01
 5.23646e-01
 5.08676e-01
 4.96077e-01
 4.86574e-01
 4.79917e-01
 6.69861e-01
 6.71927e-01
 6.77680e-01
 6.87967e-01
 7.03011e-01
 7.21855e-01
 7.42068e-01
 7.60102e-01
 7.72490e-01
 7.77289e-01
 7.74838e-01
 7.67270e-01
 7.57290e-01
 7.47108e-01
 7.38044e-01
 7.30644e-01
 6.57329e-01
 6.57809e-01
 6.64068e-01
 6.78747e-01
 7.03828e-01
 7.38700e-01
 7.78223e-01
 8.12968e-01
 8.33104e-01
 8.33991e-01
 8.18741e-01
 7.95381e-01
 7.71611e-01
 7.51688e-01
 7.36667e-01
 7.26031e-01
 6.41752e-01
 6.37000e-01
 6.40526e-01
 6.60027e-01
 7.04398e-01
 7.76965e-01
 8.65975e-01
 9.42110e-01
 9.73428e-01
 9.49774e-01
 8.89807e-01
 8.22924e-01
 7.69593e-01
 7.35581e-01
 7.16541e-01
 7.06344e-01
 5.98755e-01
 5.80886e-01
 5.73025e-01
 5.95323e-01
 6.78172e-01
 8.44837e-01
 1.07120e+00
 1.24129e+00
 1.27388e+00
 1.16816e+00
 9.68680e-01
 8.04591e-01
 7.07281e-01
 6.59313e-01
 6.46232e-01
 6.50044e-01
 5.02868e-01
 4.66875e-01
 4.41937e-01
 4.66254e-01
 6.18395e-01
 1.11885e+00
 2.17945e+00
 2.44156e+00
 1.97490e+00
 2.18986e+00
 1.05811e+00
 5.08476e-01
 4.48025e-01
 4.78371e-01
 4.99796e-01
 5.29825e-01
 5.79791e-01
 5.41081e-01
 5.21999e-01
 6.06309e-01
 1.07845e+00
 3.08512e+00
 7.56546e+00
 8.16769e+00
 2.78626e+00
 4.87121e+00
 7.23701e-01
 7.88531e-01
 4.75759e-01
 8.48754e-02
 1.47505e-01
 2.22380e-01
 5.09335e-01
 4.69684e-01
 4.45194e-01
 4.92590e-01
 7.95263e-01
 2.17314e+00
 5.43549e+00
 5.99338e+00
 2.57851e+00
 4.00407e+00
 8.65983e-01
 4.27097e-01
 2.17618e-01
 1.35851e-01
 2.64587e-01
 3.30622e-01
 5.36593e-01
 5.06051e-01
 4.86038e-01
 5.09157e-01
 6.33400e-01
 9.57431e-01
 1.51979e+00
 1.74452e+00
 1.67319e+00
 1.62979e+00
 1.03708e+00
 6.85371e-01
 5.90967e-01
 5.65385e-01
 5.63768e-01
 5.83042e-01
 6.19165e-01
 6.06753e-01
 6.03944e-01
 6.25669e-01
 6.92777e-01
 8.17948e-01
 9.80798e-01
 1.11331e+00
 1.14857e+00
 1.07570e+00
 9.42823e-01
 8.20287e-01
 7.36885e-01
 6.92906e-01
 6.76918e-01
 6.74226e-01
 6.47941e-01
 6.45574e-01
 6.50657e-01
 6.68619e-01
 7.05030e-01
 7.61108e-01
 8.28016e-01
 8.85946e-01
 9.13496e-01
 9.02529e-01
 8.63487e-01
 8.15736e-01
 7.74561e-01
 7.45503e-01
 7.26998e-01
 7.15684e-01
 6.61633e-01
 6.62898e-01
 6.69171e-01
 6.82278e-01
 7.03318e-01
 7.31394e-01
 7.62527e-01
 7.90038e-01
 8.07117e-01
 8.10318e-01
 8.01269e-01
 7.85098e-01
 7.67211e-01
 7.51112e-01
 7.38199e-01
 7.28563e-01
