vectors
part
         1
block
 0.00000e+00
 0.00000e+00
 0.00000e+00
 0.00000e+00
 0.00000e+00
 0.00000e+00
 0.00000e+00
 0.00000e+00
 0.00000e+00
 0.00000e+00
 0.00000e+00
 0.00000e+00
 0.00000e+00
 0.00000e+00
 0.00000e+00
 0.00000e+00
 0.00000e+00
 0.00000e+00
 0.00000e+00
 0.00000e+00
 0.00000e+00
 0.00000e+00
 0.00000e+00
 0.00000e+00
 0.00000e+00
 0.00000e+00
 0.00000e+00
 0.00000e+00
 0.00000e+00
 0.00000e+00
 0.00000e+00
 0.00000e+00
 0.00000e+00
 0.00000e+00
 0.00000e+00
 0.00000e+00
 0.00000e+00
 0.00000e+00
 0.00000e+00
 0.00000e+00
 0.00000e+00
 0.00000e+00
 0.00000e+00
 0.00000e+00
 0.00000e+00
 0.00000e+00
 0.00000e+00
 0.00000e+00
 0.00000e+00
 0.00000e+00
 0.00000e+00
 0.00000e+00
 0.00000e+00
 0.00000e+00
 0.00000e+00
 0.00000e+00
 0.00000e+00
 0.00000e+00
 0.00000e+00
 0.00000e+00
 0.00000e+00
 0.00000e+00
 0.00000e+00
 0.00000e+00
 0.00000e+00
 0.00000e+00
 0.00000e+00
 0.00000e+00
 0.00000e+00
 0.00000e+00
 0.00000e+00
 0.00000e+00
 0.00000e+00
 0.00000e+00
 0.00000e+00
 0.00000e+00
 0.00000e+00
 0.00000e+00
 0.00000e+00
 0.00000e+00
 0.00000e+00
 0.00000e+00
 0.00000e+00
 0.00000e+00
 0.00000e+00
 0.00000e+00
 0.00000e+00
 0.00000e+00
 0.00000e+00
 0.00000e+00
 0.00000e+00
 0.00000e+00
 0.00000e+00
 0.00000e+00
 0.00000e+00
 0.00000e+00
 0.00000e+00
 0.00000e+00
 0.00000e+00
 0.00000e+00
 0.00000e+00
 0.00000e+00
 0.00000e+00
 0.00000e+00
 0.00000e+00
 0.00000e+00
 0.00000e+00
 0.00000e+00
 0.00000e+00
 0.00000e+00
 0.00000e+00
 0.00000e+00
 0.00000e+00
 0.00000e+00
 0.00000e+00
 0.00000e+00
 0.00000e+00
 0.00000e+00
 0.00000e+00
 0.00000e+00
 0.00000e+00
 0.00000e+00
 0.00000e+00
 0.00000e+00
 0.00000e+00
 0.00000e+00
 0.00000e+00
 0.00000e+00
 0.00000e+00
 0.00000e+00
 0.00000e+00
 0.00000e+00
 0.00000e+00
 0.00000e+00
 0.00000e+00
 0.00000e+00
 0.00000e+00
 0.00000e+00
 0.00000e+00
 0.00000e+00
 0.00000e+00
 0.00000e+00
 0.00000e+00
 0.00000e+00
 0.00000e+00
 0.00000e+00
 0.00000e+00
 0.00000e+00
 0.00000e+00
 0.00000e+00
 0.00000e+00
 0.00000e+00
 0.00000e+00
 0.00000e+00
 0.00000e+00
 0.00000e+00
 0.00000e+00
 0.00000e+00
 0.00000e+00
 0.00000e+00
 0.00000e+00
 0.00000e+00
 0.00000e+00
 0.00000e+00
 0.00000e+00
 0.00000e+00
 0.00000e+00
 0.00000e+00
 0.00000e+00
 0.00000e+00
 0.00000e+00
 0.00000e+00
 0.00000e+00
 0.00000e+00
 0.00000e+00
 0.00000e+00
 2.20385e-01
 2.22016e-01
 2.25396e-01
 2.30869e-01
 2.38415e-01
 2.47358e-01
 2.56221e-01
 2.63033e-01
 2.66162e-01
 2.65182e-01
 2.61039e-01
 2.55386e-01
 2.49711e-01
 2.44882e-01
 2.41187e-01
 2.38570e-01
 2.14288e-01
 2.15320e-01
 2.19160e-01
 2.27051e-01
 2.39880e-01
 2.57072e-01
 2.75383e-01
 2.89131e-01
 2.93168e-01
 2.86718e-01
 2.73885e-01
 2.60180e-01
 2.49083e-01
 2.41445e-01
 2.36696e-01
 2.33971e-01
 2.06010e-01
 2.04560e-01
 2.06982e-01
 2.16877e-01
 2.38712e-01
 2.74599e-01
 3.18108e-01
 3.50984e-01
 3.53831e-01
 3.25879e-01
 2.86287e-01
 2.53977e-01
 2.35054e-01
 2.26557e-01
 2.23741e-01
 2.23437e-01
 1.87582e-01
 1.79919e-01
 1.76053e-01
 1.83857e-01
 2.16939e-01
 2.90141e-01
 3.98941e-01
 4.88316e-01
 4.80159e-01
 3.76940e-01
 2.65765e-01
 2.01738e-01
 1.80258e-01
 1.81342e-01
 1.90303e-01
 1.99802e-01
 1.50385e-01
 1.33785e-01
 1.18876e-01
 1.17019e-01
 1.54229e-01
 2.79943e-01
 5.26704e-01
 7.63918e-01
 7.26492e-01
 4.14320e-01
 1.55742e-01
 6.61092e-02
 5.78976e-02
 8.04148e-02
 1.13840e-01
 1.45354e-01
 1.68781e-01
 1.48231e-01
 1.26963e-01
 1.17234e-01
 1.54893e-01
 3.35129e-01
 7.48457e-01
 1.15510e+00
 1.06260e+00
 4.48279e-01
 1.41729e-02
-7.90911e-02
-8.09058e-02
-5.52754e-02
-9.28390e-03
 3.97154e-02
 1.47193e-01
 1.27016e-01
 1.06899e-01
 9.89706e-02
 1.36496e-01
 3.01968e-01
 6.71309e-01
 1.03780e+00
 9.64443e-01
 4.35922e-01
 4.93716e-02
-4.44477e-02
-4.64266e-02
-1.89294e-02
 2.61612e-02
 7.23150e-02
 1.63653e-01
 1.49952e-01
 1.38801e-01
 1.40748e-01
 1.77759e-01
 2.84863e-01
 4.76260e-01
 6.51514e-01
 6.26234e-01
 4.03893e-01
 2.03873e-01
 1.20263e-01
 1.06459e-01
 1.21907e-01
 1.46528e-01
 1.69503e-01
 1.95833e-01
 1.90732e-01
 1.89676e-01
 1.98984e-01
 2.28542e-01
 2.87078e-01
 3.67550e-01
 4.31037e-01
 4.28323e-01
 3.60287e-01
 2.80053e-01
 2.27419e-01
 2.05256e-01
 2.01365e-01
 2.04813e-01
 2.09810e-01
 2.09233e-01
 2.08932e-01
 2.12198e-01
 2.21622e-01
 2.39984e-01
 2.67905e-01
 3.00101e-01
 3.24248e-01
 3.28057e-01
 3.10594e-01
 2.83293e-01
 2.58785e-01
 2.42517e-01
 2.33688e-01
 2.29553e-01
 2.27932e-01
 2.16484e-01
 2.17849e-01
 2.21640e-01
 2.28688e-01
 2.39413e-01
 2.53100e-01
 2.67246e-01
 2.77927e-01
 2.81712e-01
 2.77957e-01
 2.69152e-01
 2.58950e-01
 2.50000e-01
 2.43309e-01
 2.38788e-01
 2.35959e-01
 4.42683e-01
 4.44733e-01
 4.49728e-01
 4.58354e-01
 4.70767e-01
 4.86082e-01
 5.02040e-01
 5.15379e-01
 5.23098e-01
 5.23951e-01
 5.18983e-01
 5.10670e-01
 5.01519e-01
 4.93204e-01
 4.86463e-01
 4.81400e-01
 4.32182e-01
 4.32853e-01
 4.38076e-01
 4.50060e-01
 4.70621e-01
 4.99401e-01
 5.31702e-01
 5.58382e-01
 5.70197e-01
 5.64261e-01
 5.45935e-01
 5.23982e-01
 5.04759e-01
 4.90520e-01
 4.80929e-01
 4.74857e-01
 4.18640e-01
 4.14714e-01
 4.16799e-01
 4.30954e-01
 4.65101e-01
 5.23965e-01
 5.98897e-01
 6.61394e-01
 6.77793e-01
 6.41042e-01
 5.78485e-01
 5.22536e-01
 4.86691e-01
 4.68286e-01
 4.60203e-01
 4.57198e-01
 3.86173e-01
 3.71365e-01
 3.62122e-01
 3.71596e-01
 4.22879e-01
 5.41345e-01
 7.22783e-01
 8.86231e-01
 9.04203e-01
 7.53961e-01
 5.63522e-01
 4.41207e-01
 3.93534e-01
 3.88482e-01
 3.99640e-01
 4.13418e-01
 3.16874e-01
 2.86795e-01
 2.59077e-01
 2.53678e-01
 3.15071e-01
 5.20541e-01
 9.16564e-01
 1.32495e+00
 1.35288e+00
 8.84325e-01
 3.96323e-01
 1.93041e-01
 1.61477e-01
 1.96159e-01
 2.52743e-01
 3.07300e-01
 3.60101e-01
 3.24488e-01
 2.88386e-01
 2.75553e-01
 3.50002e-01
 6.55939e-01
 1.30133e+00
 1.96458e+00
 1.97790e+00
 1.04501e+00
 1.57232e-01
-9.96214e-02
-1.20037e-01
-7.44537e-02
 7.36320e-03
 9.49242e-02
 3.14774e-01
 2.79252e-01
 2.44181e-01
 2.32409e-01
 3.02622e-01
 5.80776e-01
 1.16204e+00
 1.76834e+00
 1.79355e+00
 9.93584e-01
 2.17999e-01
-2.73721e-02
-4.84993e-02
-8.55500e-04
 7.88827e-02
 1.61116e-01
 3.41636e-01
 3.16442e-01
 2.94815e-01
 2.94826e-01
 3.53695e-01
 5.27300e-01
 8.38185e-01
 1.14646e+00
 1.16922e+00
 8.37636e-01
 4.72892e-01
 2.95693e-01
 2.55961e-01
 2.76535e-01
 3.16304e-01
 3.54845e-01
 4.01096e-01
 3.90743e-01
 3.86446e-01
 3.98731e-01
 4.44533e-01
 5.39590e-01
 6.75424e-01
 7.93353e-01
 8.11026e-01
 7.14135e-01
 5.80408e-01
 4.83605e-01
 4.37643e-01
 4.24808e-01
 4.26504e-01
 4.32310e-01
 4.23916e-01
 4.22062e-01
 4.25834e-01
 4.39645e-01
 4.68572e-01
 5.14651e-01
 5.70568e-01
 6.16859e-01
 6.31908e-01
 6.10511e-01
 5.68624e-01
 5.27292e-01
 4.97495e-01
 4.79615e-01
 4.69922e-01
 4.65002e-01
 4.35883e-01
 4.37249e-01
 4.42597e-01
 4.53452e-01
 4.70799e-01
 4.93887e-01
 5.19026e-01
 5.39839e-01
 5.50116e-01
 5.47695e-01
 5.35681e-01
 5.19767e-01
 5.04642e-01
 4.92533e-01
 4.83772e-01
 4.77846e-01
 6.68290e-01
 6.69802e-01
 6.74961e-01
 6.84762e-01
 6.99651e-01
 7.18869e-01
 7.39951e-01
 7.58975e-01
 7.71947e-01
 7.76656e-01
 7.73629e-01
 7.65423e-01
 7.55058e-01
 7.44821e-01
 7.35953e-01
 7.28875e-01
 6.54991e-01
 6.54281e-01
 6.58983e-01
 6.71985e-01
 6.95950e-01
 7.31219e-01
 7.72990e-01
 8.10588e-01
 8.32000e-01
 8.31720e-01
 8.14240e-01
 7.89442e-01
 7.65599e-01
 7.46496e-01
 7.32594e-01
 7.23023e-01
 6.38883e-01
 6.31908e-01
 6.31739e-01
 6.45913e-01
 6.84780e-01
 7.55668e-01
 8.50491e-01
 9.36773e-01
 9.72149e-01
 9.41191e-01
 8.70888e-01
 8.01031e-01
 7.52122e-01
 7.24038e-01
 7.09370e-01
 7.01951e-01
 5.96089e-01
 5.74998e-01
 5.59808e-01
 5.66871e-01
 6.25409e-01
 7.67644e-01
 9.91543e-01
 1.20896e+00
 1.26966e+00
 1.11740e+00
 8.81696e-01
 7.11773e-01
 6.36621e-01
 6.20497e-01
 6.28524e-01
 6.42111e-01
 4.98821e-01
 4.58333e-01
 4.20310e-01
 4.11053e-01
 4.87836e-01
 7.41143e-01
 1.21685e+00
 1.72879e+00
 1.86138e+00
 1.37213e+00
 7.10885e-01
 3.79293e-01
 3.09574e-01
 3.46950e-01
 4.17888e-01
 4.87877e-01
 5.73130e-01
 5.27395e-01
 4.82257e-01
 4.71926e-01
 5.82189e-01
 9.76052e-01
 1.73636e+00
 2.52265e+00
 2.69728e+00
 1.71961e+00
 4.31355e-01
-5.64601e-02
-1.18139e-01
-5.84854e-02
 5.10161e-02
 1.68100e-01
 5.01747e-01
 4.55295e-01
 4.10110e-01
 3.98315e-01
 4.97787e-01
 8.52262e-01
 1.54120e+00
 2.27105e+00
 2.44731e+00
 1.61123e+00
 5.04108e-01
 5.53776e-02
-6.34850e-03
 5.39904e-02
 1.59712e-01
 2.69131e-01
 5.33643e-01
 4.99270e-01
 4.68515e-01
 4.64560e-01
 5.34792e-01
 7.45910e-01
 1.12237e+00
 1.51714e+00
 1.61896e+00
 1.27363e+00
 7.94175e-01
 5.22016e-01
 4.46429e-01
 4.63361e-01
 5.10234e-01
 5.57722e-01
 6.16373e-01
 6.01026e-01
 5.92262e-01
 6.03092e-01
 6.55054e-01
 7.69066e-01
 9.38240e-01
 1.09749e+00
 1.14710e+00
 1.05212e+00
 8.91440e-01
 7.62165e-01
 6.93856e-01
 6.69255e-01
 6.65384e-01
 6.68554e-01
 6.45179e-01
 6.40964e-01
 6.43230e-01
 6.57529e-01
 6.90662e-01
 7.46400e-01
 8.17670e-01
 8.82094e-01
 9.12115e-01
 8.96968e-01
 8.51857e-01
 8.01876e-01
 7.62585e-01
 7.36721e-01
 7.21004e-01
 7.11732e-01
 6.59555e-01
 6.59888e-01
 6.65024e-01
 6.77013e-01
 6.97430e-01
 7.25947e-01
 7.58698e-01
 7.88172e-01
 8.06232e-01
 8.08865e-01
 7.98414e-01
 7.81118e-01
 7.62901e-01
 7.47143e-01
 7.34904e-01
 7.26007e-01
 0.00000e+00
 0.00000e+00
 0.00000e+00
 0.00000e+00
 0.00000e+00
 0.00000e+00
 0.00000e+00
 0.00000e+00
 0.00000e+00
 0.00000e+00
 0.00000e+00
 0.00000e+00
 0.00000e+00
 0.00000e+00
 0.00000e+00
 0.00000e+00
 0.00000e+00
 0.00000e+00
 0.00000e+00
 0.00000e+00
 0.00000e+00
 0.00000e+00
 0.00000e+00
 0.00000e+00
 0.00000e+00
 0.00000e+00
 0.00000e+00
 0.00000e+00
 0.00000e+00
 0.00000e+00
 0.00000e+00
 0.00000e+00
 0.00000e+00
 0.00000e+00
 0.00000e+00
 0.00000e+00
 0.00000e+00
 0.00000e+00
 0.00000e+00
 0.00000e+00
 0.00000e+00
 0.00000e+00
 0.00000e+00
 0.00000e+00
 0.00000e+00
 0.00000e+00
 0.00000e+00
 0.00000e+00
 0.00000e+00
 0.00000e+00
 0.00000e+00
 0.00000e+00
 0.00000e+00
 0.00000e+00
 0.00000e+00
 0.00000e+00
 0.00000e+00
 0.00000e+00
 0.00000e+00
 0.00000e+00
 0.00000e+00
 0.00000e+00
 0.00000e+00
 0.00000e+00
 0.00000e+00
 0.00000e+00
 0.00000e+00
 0.00000e+00
 0.00000e+00
 0.00000e+00
 0.00000e+00
 0.00000e+00
 0.00000e+00
 0.00000e+00
 0.00000e+00
 0.00000e+00
 0.00000e+00
 0.00000e+00
 0.00000e+00
 0.00000e+00
 0.00000e+00
 0.00000e+00
 0.00000e+00
 0.00000e+00
 0.00000e+00
 0.00000e+00
 0.00000e+00
 0.00000e+00
 0.00000e+00
 0.00000e+00
 0.00000e+00
 0.00000e+00
 0.00000e+00
 0.00000e+00
 0.00000e+00
 0.00000e+00
 0.00000e+00
 0.00000e+00
 0.00000e+00
 0.00000e+00
 0.00000e+00
 0.00000e+00
 0.00000e+00
 0.00000e+00
 0.00000e+00
 0.00000e+00
 0.00000e+00
 0.00000e+00
 0.00000e+00
 0.00000e+00
 0.00000e+00
 0.00000e+00
 0.00000e+00
 0.00000e+00
 0.00000e+00
 0.00000e+00
 0.00000e+00
 0.00000e+00
 0.00000e+00
 0.00000e+00
 0.00000e+00
 0.00000e+00
 0.00000e+00
 0.00000e+00
 0.00000e+00
 0.00000e+00
 0.00000e+00
 0.00000e+00
 0.00000e+00
 0.00000e+00
 0.00000e+00
 0.00000e+00
 0.00000e+00
 0.00000e+00
 0.00000e+00
 0.00000e+00
 0.00000e+00
 0.00000e+00
 0.00000e+00
 0.00000e+00
 0.00000e+00
 0.00000e+00
 0.00000e+00
 0.00000e+00
 0.00000e+00
 0.00000e+00
 0.00000e+00
 0.00000e+00
 0.00000e+00
 0.00000e+00
 0.00000e+00
 0.00000e+00
 0.00000e+00
 0.00000e+00
 0.00000e+00
 0.00000e+00
 0.00000e+00
 0.00000e+00
 0.00000e+00
 0.00000e+00
 0.00000e+00
 0.00000e+00
 0.00000e+00
 0.00000e+00
 0.00000e+00
 0.00000e+00
 0.00000e+00
 0.00000e+00
 0.00000e+00
 0.00000e+00
 0.00000e+00
 0.00000e+00
 0.00000e+00
 0.00000e+00
 0.00000e+00
 0.00000e+00
-2.01447e-02
-2.35878e-02
-2.66792e-02
-2.86751e-02
-2.85740e-02
-2.53535e-02
-1.84670e-02
-8.41280e-03
 3.09660e-03
 1.37211e-02
 2.15519e-02
 2.58471e-02
 2.69838e-02
 2.59002e-02
 2.35587e-02
 2.06867e-02
-2.48700e-02
-3.08693e-02
-3.72180e-02
-4.27542e-02
-4.53679e-02
-4.22002e-02
-3.08826e-02
-1.17235e-02
 1.09389e-02
 3.05267e-02
 4.22946e-02
 4.56649e-02
 4.30796e-02
 3.75596e-02
 3.12658e-02
 2.53208e-02
-2.80739e-02
-3.76107e-02
-4.94197e-02
-6.23905e-02
-7.30198e-02
-7.43920e-02
-5.78325e-02
-2.03052e-02
 2.70614e-02
 6.41082e-02
 7.92766e-02
 7.60176e-02
 6.37062e-02
 4.95295e-02
 3.69446e-02
 2.69201e-02
-2.56463e-02
-3.79529e-02
-5.55129e-02
-7.90450e-02
-1.06254e-01
-1.26236e-01
-1.14199e-01
-4.84057e-02
 4.70404e-02
 1.10317e-01
 1.19046e-01
 1.00422e-01
 7.72081e-02
 5.59031e-02
 3.83428e-02
 2.51797e-02
-1.47283e-02
-2.52593e-02
-4.24472e-02
-7.05326e-02
-1.14406e-01
-1.67846e-01
-1.85138e-01
-1.01922e-01
 4.80453e-02
 1.25739e-01
 1.02650e-01
 7.30963e-02
 6.16221e-02
 5.14251e-02
 3.85113e-02
 2.66515e-02
-3.43430e-03
-7.00280e-03
-1.37145e-02
-2.65724e-02
-4.98553e-02
-8.16004e-02
-9.38753e-02
-5.19670e-02
 2.16684e-02
 5.10431e-02
 2.52710e-02
 1.20994e-02
 1.51187e-02
 1.73457e-02
 1.55968e-02
 1.25100e-02
 6.72790e-03
 1.31966e-02
 2.49007e-02
 4.65545e-02
 8.50014e-02
 1.37498e-01
 1.59457e-01
 9.02886e-02
-3.57945e-02
-8.98617e-02
-5.18494e-02
-2.91151e-02
-3.15119e-02
-3.28808e-02
-2.81415e-02
-2.16989e-02
 1.90550e-02
 3.08327e-02
 4.91749e-02
 7.71693e-02
 1.16949e-01
 1.59689e-01
 1.65869e-01
 8.52872e-02
-5.06681e-02
-1.27766e-01
-1.18001e-01
-9.00086e-02
-7.11695e-02
-5.47940e-02
-3.88844e-02
-2.57996e-02
 2.73995e-02
 3.90976e-02
 5.50534e-02
 7.51031e-02
 9.59228e-02
 1.07405e-01
 9.13795e-02
 3.53836e-02
-4.12026e-02
-9.53481e-02
-1.08398e-01
-9.55393e-02
-7.48334e-02
-5.47293e-02
-3.81861e-02
-2.57744e-02
 2.73786e-02
 3.56782e-02
 4.54424e-02
 5.54208e-02
 6.25133e-02
 6.14177e-02
 4.63924e-02
 1.63119e-02
-2.06483e-02
-5.06978e-02
-6.51236e-02
-6.50496e-02
-5.67298e-02
-4.58396e-02
-3.55172e-02
-2.68851e-02
 2.33349e-02
 2.83541e-02
 3.33858e-02
 3.73988e-02
 3.87233e-02
 3.53135e-02
 2.56875e-02
 1.03339e-02
-7.58250e-03
-2.34566e-02
-3.38051e-02
-3.78571e-02
-3.70342e-02
-3.34303e-02
-2.87365e-02
-2.39663e-02
-3.44074e-02
-4.05751e-02
-4.63504e-02
-5.05467e-02
-5.15092e-02
-4.74475e-02
-3.72050e-02
-2.12219e-02
-1.97190e-03
 1.67840e-02
 3.16442e-02
 4.09122e-02
 4.47672e-02
 4.45051e-02
 4.16599e-02
 3.74971e-02
-4.18689e-02
-5.22796e-02
-6.35717e-02
-7.39960e-02
-8.02346e-02
-7.75678e-02
-6.16486e-02
-3.19573e-02
 5.56780e-03
 4.05236e-02
 6.42286e-02
 7.42260e-02
 7.34298e-02
 6.64869e-02
 5.71540e-02
 4.76358e-02
-4.63099e-02
-6.24061e-02
-8.26186e-02
-1.05504e-01
-1.25900e-01
-1.33073e-01
-1.12638e-01
-5.71146e-02
 1.99554e-02
 8.76087e-02
 1.23097e-01
 1.26872e-01
 1.12185e-01
 9.12576e-02
 7.09266e-02
 5.37778e-02
-4.11573e-02
-6.15170e-02
-9.07636e-02
-1.30468e-01
-1.77711e-01
-2.16829e-01
-2.11121e-01
-1.22835e-01
 2.71936e-02
 1.49780e-01
 1.89345e-01
 1.73449e-01
 1.40991e-01
 1.07366e-01
 7.77409e-02
 5.43034e-02
-2.31566e-02
-4.04352e-02
-6.86213e-02
-1.14450e-01
-1.85291e-01
-2.72658e-01
-3.15330e-01
-2.21288e-01
-1.20770e-03
 1.67627e-01
 1.73109e-01
 1.33458e-01
 1.14484e-01
 9.83472e-02
 7.72090e-02
 5.65077e-02
-5.59170e-03
-1.13083e-02
-2.19793e-02
-4.21636e-02
-7.78838e-02
-1.25840e-01
-1.50022e-01
-1.06019e-01
-4.23330e-03
 6.92769e-02
 4.80075e-02
 2.45823e-02
 2.77288e-02
 3.19845e-02
 2.97994e-02
 2.47446e-02
 1.07620e-02
 2.12389e-02
 4.00809e-02
 7.45101e-02
 1.34285e-01
 2.14938e-01
 2.58491e-01
 1.85483e-01
 8.94710e-03
-1.20816e-01
-9.46682e-02
-5.66767e-02
-5.80005e-02
-6.11498e-02
-5.43513e-02
-4.35976e-02
 3.00695e-02
 4.94359e-02
 7.96601e-02
 1.25834e-01
 1.91499e-01
 2.64609e-01
 2.90818e-01
 1.94098e-01
-1.07725e-02
-1.71081e-01
-1.93812e-01
-1.60776e-01
-1.32055e-01
-1.05764e-01
-7.91000e-02
-5.59169e-02
 4.43973e-02
 6.38539e-02
 9.06312e-02
 1.24912e-01
 1.62123e-01
 1.87336e-01
 1.72562e-01
 9.42671e-02
-2.78810e-02
-1.30127e-01
-1.70738e-01
-1.62872e-01
-1.35061e-01
-1.03879e-01
-7.62309e-02
-5.43227e-02
 4.55096e-02
 5.96401e-02
 7.65498e-02
 9.44881e-02
 1.08775e-01
 1.10999e-01
 9.13131e-02
 4.59496e-02
-1.46119e-02
-6.89332e-02
-1.00451e-01
-1.07579e-01
-9.87470e-02
-8.32378e-02
-6.69446e-02
-5.24690e-02
 3.94940e-02
 4.82928e-02
 5.73782e-02
 6.51612e-02
 6.89694e-02
 6.53596e-02
 5.15047e-02
 2.74713e-02
-2.31360e-03
-3.05194e-02
-5.08438e-02
-6.10064e-02
-6.25297e-02
-5.85375e-02
-5.18798e-02
-4.44495e-02
-4.34493e-02
-5.16125e-02
-5.95512e-02
-6.58833e-02
-6.86078e-02
-6.54358e-02
-5.46504e-02
-3.62884e-02
-1.28491e-02
 1.13211e-02
 3.18505e-02
 4.60957e-02
 5.36548e-02
 5.56925e-02
 5.39255e-02
 4.99299e-02
-5.20748e-02
-6.54143e-02
-8.02174e-02
-9.45757e-02
-1.04686e-01
-1.04863e-01
-8.93491e-02
-5.62663e-02
-1.11859e-02
 3.41231e-02
 6.83328e-02
 8.65896e-02
 9.08021e-02
 8.59199e-02
 7.65800e-02
 6.58560e-02
-5.64218e-02
-7.64568e-02
-1.01936e-01
-1.31569e-01
-1.59841e-01
-1.74597e-01
-1.58522e-01
-9.99989e-02
-9.61410e-03
 7.90959e-02
 1.35264e-01
 1.52687e-01
 1.43663e-01
 1.22811e-01
 9.96442e-02
 7.85878e-02
-4.90165e-02
-7.38295e-02
-1.09665e-01
-1.58828e-01
-2.18610e-01
-2.72323e-01
-2.80355e-01
-1.97480e-01
-3.03735e-02
 1.34194e-01
 2.13979e-01
 2.17059e-01
 1.87833e-01
 1.50537e-01
 1.14619e-01
 8.43586e-02
-2.80250e-02
-4.88932e-02
-8.28722e-02
-1.37715e-01
-2.21066e-01
-3.23064e-01
-3.82565e-01
-3.09341e-01
-8.86953e-02
 1.42648e-01
 2.08326e-01
 1.78946e-01
 1.56862e-01
 1.37951e-01
 1.12584e-01
 8.61302e-02
-7.56280e-03
-1.42871e-02
-2.67219e-02
-4.98765e-02
-8.96622e-02
-1.41243e-01
-1.69575e-01
-1.36319e-01
-4.31742e-02
 5.89515e-02
 6.54634e-02
 3.77846e-02
 3.81899e-02
 4.34736e-02
 4.16014e-02
 3.55260e-02
 1.40503e-02
 2.65215e-02
 4.87787e-02
 8.88316e-02
 1.56369e-01
 2.44663e-01
 2.96828e-01
 2.42133e-01
 7.73739e-02
-1.01942e-01
-1.24018e-01
-8.27075e-02
-7.97074e-02
-8.37239e-02
-7.66075e-02
-6.34348e-02
 3.58249e-02
 5.92737e-02
 9.58995e-02
 1.51780e-01
 2.30825e-01
 3.20069e-01
 3.64325e-01
 2.84320e-01
 7.04391e-02
-1.48174e-01
-2.26682e-01
-2.09561e-01
-1.79836e-01
-1.49398e-01
-1.16861e-01
-8.68772e-02
 5.32308e-02
 7.70770e-02
 1.10146e-01
 1.53161e-01
 2.01561e-01
 2.39155e-01
 2.34582e-01
 1.57432e-01
 1.83332e-02
-1.17700e-01
-1.90897e-01
-2.00779e-01
-1.77564e-01
-1.43934e-01
-1.10916e-01
-8.29647e-02
 5.58683e-02
 7.36182e-02
 9.51934e-02
 1.18851e-01
 1.39459e-01
 1.47287e-01
 1.30090e-01
 8.11699e-02
 9.44220e-03
-6.14329e-02
-1.09379e-01
-1.28118e-01
-1.24912e-01
-1.10407e-01
-9.24365e-02
-7.50954e-02
 4.93947e-02
 6.07880e-02
 7.28765e-02
 8.38803e-02
 9.06771e-02
 8.90353e-02
 7.50845e-02
 4.79820e-02
 1.20099e-02
-2.44671e-02
-5.32766e-02
-7.03995e-02
-7.65048e-02
-7.47816e-02
-6.86353e-02
-6.05910e-02
 0.00000e+00
 0.00000e+00
 0.00000e+00
 0.00000e+00
 0.00000e+00
 0.00000e+00
 0.00000e+00
 0.00000e+00
 0.00000e+00
 0.00000e+00
 0.00000e+00
 0.00000e+00
 0.00000e+00
 0.00000e+00
 0.00000e+00
 0.00000e+00
 0.00000e+00
 0.00000e+00
 0.00000e+00
 0.00000e+00
 0.00000e+00
 0.00000e+00
 0.00000e+00
 0.00000e+00
 0.00000e+00
 0.00000e+00
 0.00000e+00
 0.00000e+00
 0.00000e+00
 0.00000e+00
 0.00000e+00
 0.00000e+00
 0.00000e+00
 0.00000e+00
 0.00000e+00
 0.00000e+00
 0.00000e+00
 0.00000e+00
 0.00000e+00
 0.00000e+00
 0.00000e+00
 0.00000e+00
 0.00000e+00
 0.00000e+00
 0.00000e+00
 0.00000e+00
 0.00000e+00
 0.00000e+00
 0.00000e+00
 0.00000e+00
 0.00000e+00
 0.00000e+00
 0.00000e+00
 0.00000e+00
 0.00000e+00
 0.00000e+00
 0.00000e+00
 0.00000e+00
 0.00000e+00
 0.00000e+00
 0.00000e+00
 0.00000e+00
 0.00000e+00
 0.00000e+00
 0.00000e+00
 0.00000e+00
 0.00000e+00
 0.00000e+00
 0.00000e+00
 0.00000e+00
 0.00000e+00
 0.00000e+00
 0.00000e+00
 0.00000e+00
 0.00000e+00
 0.00000e+00
 0.00000e+00
 0.00000e+00
 0.00000e+00
 0.00000e+00
 0.00000e+00
 0.00000e+00
 0.00000e+00
 0.00000e+00
 0.00000e+00
 0.00000e+00
 0.00000e+00
 0.00000e+00
 0.00000e+00
 0.00000e+00
 0.00000e+00
 0.00000e+00
 0.00000e+00
 0.00000e+00
 0.00000e+00
 0.00000e+00
 0.00000e+00
 0.00000e+00
 0.00000e+00
 0.00000e+00
 0.00000e+00
 0.00000e+00
 0.00000e+00
 0.00000e+00
 0.00000e+00
 0.00000e+00
 0.00000e+00
 0.00000e+00
 0.00000e+00
 0.00000e+00
 0.00000e+00
 0.00000e+00
 0.00000e+00
 0.00000e+00
 0.00000e+00
 0.00000e+00
 0.00000e+00
 0.00000e+00
 0.00000e+00
 0.00000e+00
 0.00000e+00
 0.00000e+00
 0.00000e+00
 0.00000e+00
 0.00000e+00
 0.00000e+00
 0.00000e+00
 0.00000e+00
 0.00000e+00
 0.00000e+00
 0.00000e+00
 0.00000e+00
 0.00000e+00
 0.00000e+00
 0.00000e+00
 0.00000e+00
 0.00000e+00
 0.00000e+00
 0.00000e+00
 0.00000e+00
 0.00000e+00
 0.00000e+00
 0.00000e+00
 0.00000e+00
 0.00000e+00
 0.00000e+00
 0.00000e+00
 0.00000e+00
 0.00000e+00
 0.00000e+00
 0.00000e+00
 0.00000e+00
 0.00000e+00
 0.00000e+00
 0.00000e+00
 0.00000e+00
 0.00000e+00
 0.00000e+00
 0.00000e+00
 0.00000e+00
 0.00000e+00
 0.00000e+00
 0.00000e+00
 0.00000e+00
 0.00000e+00
 0.00000e+00
 0.00000e+00
 0.00000e+00
 0.00000e+00
 0.00000e+00
 0.00000e+00
 0.00000e+00
 0.00000e+00
 0.00000e+00
 0.00000e+00
 0.00000e+00
 1.73830e-03
 1.58500e-03
 1.27960e-03
 8.04800e-04
 1.63500e-04
-6.33200e-04
-1.57220e-03
-2.58820e-03
-3.49490e-03
-4.02530e-03
-4.01460e-03
-3.53320e-03
-2.82190e-03
-2.10390e-03
-1.48790e-03
-9.94200e-04
 2.30790e-03
 2.29660e-03
 2.23780e-03
 2.28160e-03
 2.53760e-03
 2.73260e-03
 2.06250e-03
-2.92500e-04
-4.16830e-03
-7.89750e-03
-9.40550e-03
-8.15750e-03
-5.48740e-03
-2.99500e-03
-1.32990e-03
-3.70000e-04
 2.86410e-03
 3.57900e-03
 5.45500e-03
 9.94820e-03
 1.80443e-02
 2.86638e-02
 3.76621e-02
 3.70472e-02
 2.02572e-02
-6.24140e-03
-2.60742e-02
-2.96182e-02
-2.11270e-02
-1.06418e-02
-3.79370e-03
-5.89300e-04
 3.67740e-03
 6.51730e-03
 1.46252e-02
 3.30918e-02
 6.75602e-02
 1.29467e-01
 2.19510e-01
 2.52784e-01
 1.49717e-01
 1.95297e-02
-5.20591e-02
-7.68304e-02
-6.72305e-02
-4.17545e-02
-2.05026e-02
-9.43100e-03
 7.36830e-03
 1.32250e-02
 2.84171e-02
 5.94858e-02
 1.36490e-01
 4.30423e-01
 1.11988e+00
 1.25238e+00
 1.06166e-01
-3.82203e-01
-9.57237e-02
-6.08310e-03
-3.93490e-02
-5.75964e-02
-4.55374e-02
-2.95889e-02
 1.32014e-02
 2.45683e-02
 5.57491e-02
 1.28397e-01
 3.63586e-01
 1.45407e+00
 4.13236e+00
 4.32725e+00
-4.67535e-01
-1.66193e+00
 1.37767e-01
 4.34352e-01
 2.33989e-01
 5.60070e-02
-1.40072e-02
-2.14773e-02
 1.21217e-02
 2.08832e-02
 4.29844e-02
 8.98637e-02
 2.45433e-01
 1.02529e+00
 3.01239e+00
 3.24874e+00
-2.62214e-01
-1.23295e+00
 3.87423e-02
 2.88445e-01
 1.44815e-01
 1.49708e-02
-2.87136e-02
-2.78402e-02
 5.54220e-03
 1.04031e-02
 2.37126e-02
 5.22427e-02
 1.13539e-01
 2.88267e-01
 6.44552e-01
 7.28355e-01
 1.85878e-01
-1.36162e-01
-8.86823e-02
-6.73978e-02
-7.52723e-02
-6.35193e-02
-4.01562e-02
-2.33559e-02
 3.28490e-03
 5.23870e-03
 1.07592e-02
 2.35545e-02
 4.67902e-02
 8.29482e-02
 1.27460e-01
 1.43965e-01
 9.50558e-02
 1.56706e-02
-4.16970e-02
-6.08369e-02
-4.96063e-02
-2.82982e-02
-1.24848e-02
-4.77390e-03
 2.68910e-03
 3.04510e-03
 3.91590e-03
 6.08560e-03
 1.00749e-02
 1.50111e-02
 1.81170e-02
 1.54172e-02
 4.78820e-03
-9.59430e-03
-1.91205e-02
-1.92156e-02
-1.30414e-02
-6.40110e-03
-2.16930e-03
-1.28700e-04
 2.11060e-03
 2.02050e-03
 1.80070e-03
 1.49240e-03
 1.13600e-03
 6.18400e-04
-3.93000e-04
-2.17320e-03
-4.44940e-03
-6.28110e-03
-6.73330e-03
-5.72950e-03
-4.04260e-03
-2.47850e-03
-1.35530e-03
-6.23300e-04
 6.72590e-03
 6.20140e-03
 5.08370e-03
 3.25940e-03
 6.97800e-04
-2.51660e-03
-6.15740e-03
-9.78730e-03
-1.27386e-02
-1.43209e-02
-1.42245e-02
-1.27182e-02
-1.04581e-02
-8.06560e-03
-5.90050e-03
-4.08890e-03
 8.77620e-03
 8.66150e-03
 7.95980e-03
 6.68750e-03
 4.84250e-03
 1.97340e-03
-2.91160e-03
-1.03875e-02
-1.91738e-02
-2.59059e-02
-2.73260e-02
-2.31542e-02
-1.62111e-02
-9.64280e-03
-4.85400e-03
-1.74870e-03
 1.04662e-02
 1.19778e-02
 1.46903e-02
 2.04767e-02
 3.02822e-02
 4.12866e-02
 4.58530e-02
 3.32692e-02
-6.93700e-04
-4.19610e-02
-6.76874e-02
-6.67918e-02
-4.71323e-02
-2.48491e-02
-9.50720e-03
-1.45000e-03
 1.28795e-02
 1.83638e-02
 3.15365e-02
 5.98943e-02
 1.10068e-01
 1.91421e-01
 2.91322e-01
 2.84251e-01
 8.93789e-02
-9.51203e-02
-1.66351e-01
-1.79049e-01
-1.50191e-01
-9.87442e-02
-5.47640e-02
-2.93470e-02
 2.60566e-02
 3.71265e-02
 6.26374e-02
 1.12536e-01
 2.28392e-01
 6.47479e-01
 1.59724e+00
 1.68352e+00
-1.72931e-01
-9.68076e-01
-3.53661e-01
-1.05932e-01
-1.37606e-01
-1.62342e-01
-1.34378e-01
-9.68553e-02
 4.37718e-02
 6.55371e-02
 1.21258e-01
 2.50506e-01
 6.47344e-01
 2.33225e+00
 6.29484e+00
 6.73766e+00
-5.70425e-01
-3.19517e+00
-8.82257e-02
 6.83372e-01
 3.85372e-01
 6.93725e-02
-6.13309e-02
-7.21175e-02
 4.17606e-02
 5.87695e-02
 9.78992e-02
 1.79263e-01
 4.32707e-01
 1.61266e+00
 4.51722e+00
 4.91511e+00
-4.90301e-01
-2.46978e+00
-2.14922e-01
 4.17561e-01
 2.10232e-01
-1.82979e-02
-9.86745e-02
-9.27373e-02
 1.95154e-02
 2.86187e-02
 5.05606e-02
 9.55129e-02
 1.86429e-01
 4.28249e-01
 8.91757e-01
 9.03815e-01
-1.18860e-02
-4.89544e-01
-3.00779e-01
-2.00006e-01
-1.92984e-01
-1.63958e-01
-1.14506e-01
-7.56403e-02
 1.16113e-02
 1.55032e-02
 2.43833e-02
 4.35852e-02
 7.66344e-02
 1.22652e-01
 1.67379e-01
 1.58242e-01
 6.10786e-02
-5.43890e-02
-1.22750e-01
-1.36695e-01
-1.08245e-01
-6.52452e-02
-3.21881e-02
-1.42857e-02
 9.98740e-03
 1.07378e-02
 1.16970e-02
 1.37455e-02
 1.73024e-02
 2.05302e-02
 1.88676e-02
 7.34210e-03
-1.43371e-02
-3.75373e-02
-4.96618e-02
-4.54275e-02
-3.09242e-02
-1.60351e-02
-5.90530e-03
-3.71200e-04
 8.08740e-03
 7.75940e-03
 6.76870e-03
 5.01590e-03
 2.45390e-03
-1.05950e-03
-5.77270e-03
-1.15657e-02
-1.73123e-02
-2.10234e-02
-2.11854e-02
-1.80334e-02
-1.33203e-02
-8.79830e-03
-5.26540e-03
-2.73780e-03
 1.46458e-02
 1.36679e-02
 1.14407e-02
 7.68710e-03
 2.30020e-03
-4.53880e-03
-1.22665e-02
-1.98595e-02
-2.59396e-02
-2.92413e-02
-2.92771e-02
-2.65725e-02
-2.23036e-02
-1.76118e-02
-1.32217e-02
-9.44770e-03
 1.88640e-02
 1.87228e-02
 1.71264e-02
 1.37492e-02
 8.29020e-03
 1.27300e-04
-1.15621e-02
-2.64289e-02
-4.13832e-02
-5.11647e-02
-5.17816e-02
-4.37559e-02
-3.15724e-02
-1.98927e-02
-1.09312e-02
-4.74200e-03
 2.21453e-02
 2.48184e-02
 2.80749e-02
 3.34998e-02
 4.12786e-02
 4.64331e-02
 3.80692e-02
 5.18680e-03
-4.89401e-02
-9.98716e-02
-1.22530e-01
-1.10634e-01
-7.71149e-02
-4.20227e-02
-1.71957e-02
-3.17490e-03
 2.79725e-02
 3.68186e-02
 5.42759e-02
 8.85447e-02
 1.44880e-01
 2.24305e-01
 2.92757e-01
 2.00549e-01
-9.90817e-02
-3.13052e-01
-3.39360e-01
-3.05992e-01
-2.44292e-01
-1.64365e-01
-9.71390e-02
-5.59857e-02
 5.71662e-02
 7.42463e-02
 1.08537e-01
 1.71646e-01
 3.09125e-01
 7.73414e-01
 1.76718e+00
 1.69612e+00
-6.53922e-01
-1.70071e+00
-7.55543e-01
-2.87511e-01
-2.83345e-01
-2.99056e-01
-2.49981e-01
-1.87810e-01
 8.73047e-02
 1.20081e-01
 1.97982e-01
 3.77371e-01
 9.03365e-01
 2.92324e+00
 7.36155e+00
 7.76716e+00
-6.97166e-01
-4.55721e+00
-5.77400e-01
 7.85599e-01
 4.59273e-01
 4.35125e-02
-1.32001e-01
-1.41185e-01
 8.64535e-02
 1.12277e-01
 1.66216e-01
 2.75861e-01
 6.00167e-01
 1.98402e+00
 5.20395e+00
 5.54115e+00
-8.08321e-01
-3.66417e+00
-6.93124e-01
 4.15337e-01
 2.02396e-01
-9.23629e-02
-1.96544e-01
-1.81260e-01
 4.32920e-02
 5.74786e-02
 8.67742e-02
 1.42784e-01
 2.48822e-01
 5.07788e-01
 9.57767e-01
 8.12902e-01
-4.16602e-01
-1.00604e+00
-6.27242e-01
-3.91557e-01
-3.42931e-01
-2.87466e-01
-2.09379e-01
-1.46069e-01
 2.48115e-02
 3.12443e-02
 4.29216e-02
 6.54434e-02
 1.01082e-01
 1.42761e-01
 1.63224e-01
 1.00900e-01
-5.50916e-02
-1.90602e-01
-2.40434e-01
-2.27295e-01
-1.73305e-01
-1.07235e-01
-5.63882e-02
-2.70859e-02
 2.12163e-02
 2.26178e-02
 2.34203e-02
 2.41258e-02
 2.45847e-02
 2.18724e-02
 1.01659e-02
-1.49083e-02
-4.93225e-02
-7.89452e-02
-8.93650e-02
-7.74989e-02
-5.29764e-02
-2.87596e-02
-1.16248e-02
-1.52190e-03
 1.74742e-02
 1.69174e-02
 1.48841e-02
 1.09941e-02
 4.99690e-03
-3.26200e-03
-1.37015e-02
-2.53615e-02
-3.58231e-02
-4.18782e-02
-4.15874e-02
-3.57428e-02
-2.72252e-02
-1.88286e-02
-1.19498e-02
-6.78230e-03
